time U B V R I J H K
3.327280e-04 -4.610552 -4.634586 -5.421017 -6.027582 -6.729818 -7.055720 -7.593666 -7.938835
1.174150e-03 -4.489366 -4.548731 -5.371042 -5.997768 -6.716360 -7.059939 -7.604391 -7.958357
2.170890e-03 -4.387062 -4.479828 -5.333208 -5.975911 -6.707916 -7.069157 -7.622613 -7.980381
3.229110e-03 -4.301112 -4.423415 -5.301267 -5.959473 -6.701984 -7.080096 -7.640838 -8.006931
4.286130e-03 -4.243422 -4.386347 -5.282173 -5.950371 -6.700844 -7.091817 -7.659067 -8.031931
5.383420e-03 -4.226357 -4.373106 -5.272132 -5.938837 -6.688342 -7.081820 -7.655522 -8.036458
6.496340e-03 -4.144089 -4.306593 -5.223009 -5.899531 -6.661065 -7.079493 -7.668750 -8.060512
6.496700e-03 -4.144089 -4.306593 -5.223009 -5.899531 -6.661065 -7.079493 -7.668750 -8.060512
7.996580e-03 -4.086782 -4.267545 -5.199844 -5.888073 -6.658793 -7.096221 -7.695216 -8.095042
8.982460e-03 -4.058552 -4.248445 -5.188699 -5.882929 -6.659027 -7.107947 -7.712716 -8.117071
9.968340e-03 -4.030598 -4.230258 -5.180059 -5.880810 -6.662895 -7.122177 -7.730949 -8.139102
1.172030e-02 -3.987213 -4.202975 -5.167781 -5.876905 -6.668137 -7.143909 -7.762423 -8.178634
1.317990e-02 -3.952824 -4.179914 -5.157284 -5.875842 -6.673385 -7.163138 -7.787421 -8.208633
1.549210e-02 -3.904367 -4.149440 -5.144186 -5.875111 -6.683639 -7.191609 -7.826398 -8.255666
1.718280e-02 -3.869895 -4.128474 -5.135464 -5.874609 -6.690019 -7.213344 -7.854638 -8.289733
1.881140e-02 -3.829252 -4.101690 -5.121593 -5.869226 -6.692781 -7.230081 -7.879633 -8.319733
2.098290e-02 -3.770765 -4.061426 -5.100883 -5.860541 -6.694435 -7.251057 -7.910374 -8.356768
2.403320e-02 -3.680810 -4.001854 -5.069123 -5.847265 -6.696101 -7.279539 -7.950107 -8.406304
2.847270e-02 -3.541284 -3.906763 -5.015381 -5.819713 -6.690574 -7.312272 -8.001597 -8.472416
3.128260e-02 -3.443956 -3.841128 -4.976236 -5.799102 -6.684775 -7.330766 -8.029847 -8.509458
3.362990e-02 -3.352879 -3.776350 -4.938799 -5.776157 -6.672582 -7.340768 -8.048847 -8.536498
3.642710e-02 -3.225647 -3.685565 -4.880452 -5.740009 -6.654625 -7.351017 -8.070353 -8.566039
3.943990e-02 -3.065864 -3.568896 -4.804446 -5.689920 -6.626369 -7.357024 -8.091107 -8.595580
4.260850e-02 -2.872337 -3.424354 -4.705899 -5.623918 -6.586318 -7.357291 -8.105117 -8.619669
4.575730e-02 -2.657824 -3.260252 -4.591658 -5.543801 -6.532402 -7.347571 -8.108376 -8.629669
4.844060e-02 -2.461097 -3.109180 -4.481812 -5.462006 -6.474593 -7.326097 -8.099896 -8.626711
5.024030e-02 -2.327138 -3.001929 -4.401484 -5.402038 -6.428927 -7.304626 -8.085655 -8.616260
5.193150e-02 -2.199611 -2.900844 -4.323705 -5.340580 -6.380771 -7.278896 -8.065657 -8.601255
5.351940e-02 -2.079733 -2.802923 -4.247625 -5.279106 -6.330128 -7.249931 -8.043918 -8.581261
5.482490e-02 -1.982211 -2.722731 -4.182533 -5.226590 -6.286583 -7.221700 -8.022181 -8.565349
5.637240e-02 -1.863579 -2.625977 -4.104834 -5.161120 -6.230959 -7.187746 -7.995447 -8.542855
5.684910e-02 -1.828638 -2.594837 -4.080527 -5.140600 -6.213881 -7.175246 -7.987946 -8.537851
5.780240e-02 -1.754994 -2.534826 -4.029783 -5.098181 -6.177844 -7.152022 -7.971212 -8.524902
5.930140e-02 -1.638954 -2.438518 -3.952062 -5.031687 -6.120776 -7.118071 -7.945249 -8.509451
5.979450e-02 -1.601548 -2.406950 -3.925454 -5.010890 -6.103277 -7.105574 -7.937752 -8.503998
6.078070e-02 -1.525457 -2.345675 -3.874615 -4.968024 -6.067682 -7.084128 -7.923522 -8.496049
6.262060e-02 -1.387217 -2.230744 -3.782772 -4.891597 -6.003129 -7.045911 -7.899290 -8.480601
6.331780e-02 -1.337279 -2.190038 -3.749514 -4.864399 -5.981080 -7.034474 -7.890065 -8.477653
6.471230e-02 -1.237505 -2.108922 -3.686037 -4.811458 -5.936536 -7.008756 -7.875838 -8.469709
6.733200e-02 -1.054535 -1.962911 -3.571102 -4.719713 -5.862466 -6.969114 -7.850668 -8.456317
7.085130e-02 -0.815662 -1.773977 -3.424468 -4.602701 -5.768903 -6.919486 -7.822224 -8.440873
7.477820e-02 -0.552397 -1.567634 -3.267270 -4.480812 -5.671385 -6.869158 -7.788791 -8.419982
7.904140e-02 -0.288066 -1.359211 -3.108624 -4.357544 -5.572912 -6.814552 -7.751146 -8.392041
8.364160e-02 -0.011157 -1.137460 -2.936790 -4.221286 -5.461991 -6.750652 -7.699433 -8.349101
8.705150e-02 0.205767 -0.959416 -2.799101 -4.112074 -5.370570 -6.694261 -7.651931 -8.304101
9.023880e-02 0.426636 -0.778683 -2.655735 -3.998363 -5.278198 -6.634674 -7.597719 -8.251601
9.351100e-02 0.670926 -0.577151 -2.495885 -3.869836 -5.170862 -6.563982 -7.532719 -8.191162
9.669580e-02 0.932582 -0.361981 -2.324685 -3.732398 -5.056059 -6.490100 -7.463509 -8.123660
9.750870e-02 1.000603 -0.304521 -2.277717 -3.694864 -5.024152 -6.469413 -7.446008 -8.106161
9.913450e-02 1.145660 -0.184766 -2.181781 -3.617408 -4.958793 -6.426224 -7.408506 -8.070722
1.019920e-01 1.410547 0.036162 -2.000967 -3.470539 -4.835615 -6.344855 -7.336004 -8.003222
1.029560e-01 1.503482 0.114688 -1.936510 -3.417469 -4.791231 -6.316670 -7.309298 -7.980283
1.048840e-01 1.696810 0.276859 -1.802736 -3.307343 -4.697489 -6.255303 -7.256796 -7.932345
1.087820e-01 2.109190 0.632514 -1.504460 -3.058915 -4.484134 -6.114413 -7.136677 -7.826472
1.098280e-01 2.223626 0.731032 -1.420225 -2.987183 -4.421374 -6.073066 -7.102476 -7.798537
1.121740e-01 2.466666 0.947169 -1.234232 -2.828078 -4.281801 -5.976722 -7.024070 -7.732669
1.128820e-01 2.551073 1.021823 -1.168947 -2.771819 -4.232481 -5.945382 -6.999871 -7.712238
1.142980e-01 2.727239 1.176076 -1.036922 -2.659353 -4.133857 -5.879045 -6.945671 -7.666806
1.171300e-01 3.098781 1.504932 -0.750886 -2.417049 -3.921674 -5.737569 -6.832197 -7.577585
1.227920e-01 3.978148 2.280964 -0.082574 -1.849267 -3.424084 -5.411593 -6.579522 -7.379187
1.243800e-01 4.242402 2.517910 0.124127 -1.672671 -3.268907 -5.310882 -6.501987 -7.320844
1.275560e-01 4.800766 3.026286 0.568161 -1.295506 -2.937014 -5.097674 -6.342782 -7.200425
1.287080e-01 5.146081 3.363149 0.876343 -1.040625 -2.721196 -4.982693 -6.271121 -7.151684
1.310120e-01 5.566724 3.758605 1.224750 -0.744673 -2.460519 -4.815905 -6.146170 -7.059635
1.315720e-01 5.667459 3.852672 1.309526 -0.671509 -2.395588 -4.776580 -6.117014 -7.036728
1.326900e-01 5.864878 4.042158 1.480444 -0.526498 -2.269071 -4.694167 -6.054561 -6.990914
1.349270e-01 6.257100 4.422185 1.820778 -0.236997 -2.012831 -4.532481 -5.933830 -6.899297
1.380590e-01 6.792603 4.947340 2.296542 0.167697 -1.654428 -4.303508 -5.764858 -6.771895
1.381140e-01 6.800105 4.954841 2.303894 0.174030 -1.648659 -4.301008 -5.762358 -6.769393
1.420740e-01 7.264080 5.421737 2.748996 0.576316 -1.278529 -4.042733 -5.562707 -6.614520
1.429040e-01 7.370631 5.528959 2.851168 0.668540 -1.193766 -3.986019 -5.518584 -6.581233
1.445630e-01 7.572055 5.733528 3.047935 0.845411 -1.031769 -3.873186 -5.432114 -6.512561
1.479310e-01 7.944349 6.113313 3.414294 1.179910 -0.720839 -3.656205 -5.263337 -6.383123
1.514770e-01 8.326376 6.511511 3.800427 1.531254 -0.394262 -3.425690 -5.086223 -6.245825
1.560660e-01 8.968098 7.210420 4.473649 2.131611 0.154313 -3.065113 -4.817141 -6.042417
1.561200e-01 8.974533 7.217920 4.481148 2.137746 0.159310 -3.062079 -4.814641 -6.039549
1.585670e-01 9.227800 7.527317 4.787680 2.419206 0.419902 -2.880891 -4.677670 -5.935189
1.626810e-01 9.507434 7.977614 5.241413 2.843221 0.819282 -2.597687 -4.458558 -5.767611
1.668920e-01 9.650359 8.424958 5.704097 3.280853 1.233550 -2.304095 -4.233006 -5.594712
1.711900e-01 9.615012 8.862550 6.173242 3.727897 1.657704 -2.002645 -4.001625 -5.416858
1.733620e-01 9.584490 9.146890 6.490009 4.026709 1.937949 -1.813759 -3.863406 -5.312948
1.777100e-01 9.405275 9.700611 7.161194 4.664074 2.536352 -1.424282 -3.578676 -5.101627
1.822760e-01 8.333357 9.722950 7.792747 5.364293 3.237629 -0.918373 -3.216279 -4.848716
1.864730e-01 7.923455 9.812555 8.235532 5.811208 3.675744 -0.573979 -2.934476 -4.611733
1.912420e-01 7.418500 9.691798 8.720408 6.315644 4.171948 -0.183383 -2.615892 -4.351300
1.961830e-01 6.875768 9.357551 9.198626 6.839655 4.691894 0.221648 -2.292483 -4.093100
2.032070e-01 6.235007 8.836970 10.136348 8.023610 5.860789 1.012240 -1.709143 -3.654091
2.032500e-01 6.230732 8.832963 10.140948 8.030069 5.868289 1.017243 -1.705244 -3.651592
2.081320e-01 5.759327 8.359950 10.414156 8.644393 6.494308 1.457279 -1.373293 -3.398000
2.114220e-01 5.457720 8.047020 10.485621 9.061810 6.931634 1.764522 -1.139572 -3.222856
2.191310e-01 4.713679 7.245094 10.161040 9.821652 7.834716 2.438296 -0.622384 -2.827437
2.241870e-01 4.290240 6.786951 9.823824 10.342740 8.660053 3.002943 -0.209699 -2.525535
2.298440e-01 3.808648 6.259757 9.315936 10.612752 9.764897 3.705936 0.276206 -2.175231
2.298450e-01 3.808648 6.259757 9.315936 10.612752 9.764897 3.705936 0.276206 -2.175231
2.298450e-01 4.003713 6.347357 8.884030 10.097663 9.566338 3.971654 0.485030 -1.998938
2.298480e-01 4.008058 6.352216 8.888147 10.100564 9.571339 3.976655 0.490031 -1.993941
2.299050e-01 3.993654 6.326607 8.838124 10.061225 9.572071 3.992234 0.496287 -1.993684
2.383050e-01 3.123057 5.324368 7.749668 9.360902 10.416224 4.834443 1.129560 -1.520174
2.479920e-01 2.167913 4.283820 6.667367 8.360340 10.582071 5.927357 1.915571 -0.947616
2.544000e-01 1.495709 3.553361 5.876776 7.563572 10.076727 6.699234 2.417042 -0.595209
2.582430e-01 1.076461 3.095891 5.380420 7.056717 9.638999 7.174934 2.712896 -0.387201
2.628310e-01 0.561071 2.537082 4.771680 6.428611 9.042066 7.769768 3.073905 -0.133666
2.671010e-01 0.093270 2.031591 4.223207 5.865222 8.481701 8.302400 3.416158 0.109351
2.671020e-01 0.093270 2.030655 4.223205 5.864750 8.479553 8.302400 3.416158 0.109351
2.671210e-01 0.090769 2.029092 4.220705 5.862291 8.479202 8.304901 3.417184 0.111652
2.677890e-01 0.018379 1.949147 4.135532 5.774748 8.389554 8.386070 3.470252 0.149746
2.722320e-01 -0.460699 1.430046 3.571491 5.192920 7.582296 9.063269 3.908293 0.460915
2.755910e-01 -0.837557 1.026908 3.134187 4.732263 7.098338 9.463344 4.160371 0.645288
2.800690e-01 -1.327533 0.505488 2.554372 4.103846 6.393422 9.888021 4.469641 0.879980
2.820990e-01 -1.510547 0.311323 2.343023 3.877981 6.141409 10.113211 4.638060 1.006057
2.865670e-01 -1.895633 -0.095259 1.878895 3.359796 5.528618 10.394863 4.955934 1.253172
2.898760e-01 -2.135713 -0.348864 1.592876 3.038664 5.154227 10.556674 5.221764 1.459716
2.939980e-01 -2.400813 -0.630420 1.257811 2.652324 4.676362 10.532801 5.529899 1.701570
2.939980e-01 -2.400813 -0.630420 1.257605 2.650390 4.676362 10.532801 5.529899 1.701570
2.939990e-01 -2.401324 -0.631935 1.257007 2.650323 4.674415 10.531380 5.529899 1.701570
2.940060e-01 -2.401324 -0.631942 1.255313 2.649754 4.671361 10.527815 5.530777 1.701737
2.941730e-01 -2.406325 -0.638378 1.242761 2.626861 4.612922 10.468376 5.563401 1.721899
2.972100e-01 -2.569377 -0.813371 1.023914 2.362003 4.253351 10.335451 5.821288 1.921044
2.999490e-01 -2.705451 -0.960973 0.841063 2.141370 3.976653 10.201168 6.039762 2.099671
3.024010e-01 -2.816017 -1.082347 0.683761 1.953982 3.746125 10.057832 6.242330 2.260780
3.042400e-01 -2.895600 -1.169534 0.572429 1.819736 3.584296 9.944156 6.402351 2.389062
3.127950e-01 -3.230505 -1.540820 0.109743 1.270948 2.922501 8.612880 7.169286 3.031667
3.153030e-01 -3.321106 -1.643432 -0.025818 1.110718 2.731213 8.411764 7.418999 3.223098
3.202620e-01 -3.492487 -1.841558 -0.287453 0.802524 2.361672 7.980344 7.943885 3.623504
3.258080e-01 -3.673296 -2.043608 -0.550425 0.489714 1.990152 7.549972 8.174975 4.135557
3.263640e-01 -3.691338 -2.065191 -0.579436 0.458190 1.951336 7.499977 8.231606 4.180934
3.271260e-01 -3.716433 -2.095561 -0.617259 0.412258 1.897514 7.429976 8.308326 4.244054
3.280770e-01 -3.747525 -2.132438 -0.666061 0.357407 1.831188 7.344127 8.398985 4.322166
3.302180e-01 -3.817726 -2.214074 -0.773276 0.230759 1.680356 7.144914 8.582197 4.495870
3.325430e-01 -3.895990 -2.304461 -0.890046 0.093951 1.516991 6.927332 8.744923 4.679897
3.348610e-01 -3.971765 -2.393423 -1.005822 -0.038527 1.357919 6.713867 8.869785 4.861268
3.365510e-01 -4.025497 -2.458280 -1.088337 -0.135614 1.242680 6.557882 8.932006 4.992383
3.397440e-01 -4.129366 -2.579542 -1.244793 -0.314182 1.030345 6.267614 8.999254 5.244223
3.422870e-01 -4.212253 -2.677472 -1.368670 -0.454339 0.862952 6.035687 8.989474 5.440587
3.448310e-01 -4.295164 -2.774415 -1.491136 -0.595537 0.698715 5.805333 8.933585 5.636908
3.473740e-01 -4.379098 -2.873608 -1.615079 -0.734405 0.534432 5.573331 8.829443 5.828195
3.510380e-01 -4.488637 -3.005093 -1.783158 -0.917745 0.337994 5.363538 8.610040 6.046151
3.529260e-01 -4.552623 -3.082690 -1.877760 -1.023126 0.215108 5.184928 8.474059 6.179164
3.568640e-01 -4.698218 -3.256042 -2.087459 -1.254913 -0.058666 4.759631 8.072116 6.428132
3.603380e-01 -4.827838 -3.410025 -2.269818 -1.454925 -0.291111 4.405956 7.707338 6.652684
3.649900e-01 -5.024439 -3.636572 -2.526810 -1.733868 -0.623273 3.832593 7.018998 6.896071
3.659900e-01 -5.062765 -3.680831 -2.576708 -1.787642 -0.687316 3.734657 6.907101 6.954444
3.696600e-01 -5.218859 -3.855040 -2.769260 -1.996511 -0.936673 3.309776 6.381995 7.104194
3.704910e-01 -5.253688 -3.893969 -2.811340 -2.040172 -0.989041 3.224244 6.280560 7.135069
3.724940e-01 -5.337276 -3.986090 -2.911590 -2.148485 -1.118809 3.007578 6.011640 7.184451
3.740570e-01 -5.402118 -4.056443 -2.986836 -2.230681 -1.216122 2.845371 5.814424 7.206523
3.750980e-01 -5.444856 -4.102877 -3.036755 -2.285195 -1.281046 2.738721 5.679450 7.208451
3.764000e-01 -5.499708 -4.160726 -3.097111 -2.350715 -1.360980 2.607457 5.518689 7.196677
3.774410e-01 -5.541818 -4.204997 -3.145281 -2.404577 -1.425927 2.499697 5.383190 7.167867
3.817390e-01 -5.715062 -4.387162 -3.340757 -2.622249 -1.705005 1.995369 4.706054 6.778750
3.829670e-01 -5.760698 -4.435766 -3.393103 -2.681869 -1.776717 1.872398 4.547195 6.651218
3.854230e-01 -5.850950 -4.528981 -3.493758 -2.795871 -1.923520 1.618006 4.212423 6.298042
3.899490e-01 -6.002684 -4.685116 -3.669516 -3.003281 -2.194883 1.127151 3.530797 5.406591
3.946180e-01 -6.138582 -4.828040 -3.835724 -3.204464 -2.462473 0.646716 2.847095 4.425277
4.008040e-01 -6.296983 -4.996404 -4.036538 -3.446449 -2.774530 0.125259 2.102690 3.286561
4.013400e-01 -6.309482 -5.008918 -4.051522 -3.466046 -2.801373 0.081533 2.042707 3.199603
4.020240e-01 -6.324483 -5.025737 -4.073997 -3.492415 -2.834793 0.025352 1.961854 3.080140
4.028550e-01 -6.344103 -5.046115 -4.098994 -3.523174 -2.876646 -0.042080 1.861720 2.930141
4.045170e-01 -6.379749 -5.084388 -4.148944 -3.585356 -2.957867 -0.180759 1.650650 2.618180
4.078130e-01 -6.445015 -5.157753 -4.245414 -3.708930 -3.119758 -0.463342 1.209377 2.012977
4.119660e-01 -6.519082 -5.245545 -4.367938 -3.862570 -3.320246 -0.818942 0.652216 1.321944
4.129280e-01 -6.536581 -5.264893 -4.393339 -3.895012 -3.362170 -0.889131 0.547805 1.198333
4.138900e-01 -6.554355 -5.285300 -4.420856 -3.929226 -3.406600 -0.960538 0.442198 1.072222
4.151720e-01 -6.575006 -5.311128 -4.455901 -3.972695 -3.462003 -1.054579 0.297262 0.900543
4.194780e-01 -6.647691 -5.396888 -4.576089 -4.120204 -3.648294 -1.367084 -0.184854 0.343165
4.200870e-01 -6.658067 -5.403125 -4.566366 -4.098213 -3.613832 -1.316913 -0.093656 0.032872
4.215280e-01 -6.680847 -5.431858 -4.606434 -4.146976 -3.676779 -1.422438 -0.252984 -0.141682
4.241310e-01 -6.723919 -5.484998 -4.679462 -4.237080 -3.787707 -1.617288 -0.538162 -0.438333
4.249920e-01 -6.739579 -5.504377 -4.704498 -4.266096 -3.823701 -1.678867 -0.625096 -0.526880
4.249930e-01 -6.739579 -5.504377 -4.704498 -4.266096 -3.823701 -1.678867 -0.625096 -0.526880
4.251210e-01 -6.741706 -5.506878 -4.707012 -4.269623 -3.829695 -1.686364 -0.638248 -0.539904
4.261150e-01 -6.757369 -5.526279 -4.734581 -4.303427 -3.869188 -1.754326 -0.735848 -0.638459
4.270890e-01 -6.774499 -5.547145 -4.762138 -4.335966 -3.910186 -1.822308 -0.830970 -0.734515
4.290350e-01 -6.808622 -5.589465 -4.817268 -4.401339 -3.989195 -1.959455 -1.022435 -0.922706
4.298220e-01 -6.821788 -5.606358 -4.839429 -4.426174 -4.021207 -2.013611 -1.096266 -0.993779
4.306080e-01 -6.836420 -5.623258 -4.861982 -4.452470 -4.052216 -2.065281 -1.167602 -1.062894
4.316560e-01 -6.854588 -5.645555 -4.892035 -4.486552 -4.094235 -2.136963 -1.266437 -1.154522
4.337540e-01 -6.895195 -5.692898 -4.952196 -4.557230 -4.180794 -2.282086 -1.463449 -1.337248
4.345480e-01 -6.910193 -5.710884 -4.972631 -4.582073 -4.211813 -2.334907 -1.533445 -1.400846
4.356070e-01 -6.930500 -5.735298 -5.003103 -4.618414 -4.253853 -2.405566 -1.628437 -1.485558
4.388450e-01 -6.998621 -5.812462 -5.097907 -4.724029 -4.382507 -2.633046 -1.932743 -1.748645
4.395630e-01 -7.014297 -5.829980 -5.117976 -4.747861 -4.411037 -2.680924 -1.992069 -1.802273
4.412840e-01 -7.049612 -5.870907 -5.165976 -4.803061 -4.476638 -2.793537 -2.138880 -1.927617
4.452480e-01 -7.140248 -5.970200 -5.281639 -4.934103 -4.634967 -3.069416 -2.503011 -2.237625
4.464610e-01 -7.167750 -5.999636 -5.316719 -4.973235 -4.681012 -3.147816 -2.602341 -2.324381
4.488850e-01 -7.223071 -6.059510 -5.386903 -5.052100 -4.773769 -3.308672 -2.809671 -2.501020
4.535750e-01 -7.334079 -6.179959 -5.524776 -5.206813 -4.956188 -3.625723 -3.224509 -2.871339
4.538580e-01 -7.339762 -6.187457 -5.532277 -5.214628 -4.967255 -3.643756 -3.247005 -2.891338
4.556030e-01 -7.377620 -6.225393 -5.575298 -5.263543 -5.021890 -3.725815 -3.345163 -3.075116
4.570160e-01 -7.410118 -6.259847 -5.615397 -5.307720 -5.072962 -3.807889 -3.447657 -3.176261
4.584280e-01 -7.442948 -6.295286 -5.655082 -5.350218 -5.122604 -3.889006 -3.550154 -3.277409
4.617940e-01 -7.518966 -6.379228 -5.752873 -5.458664 -5.246909 -4.086890 -3.805800 -3.536060
4.669660e-01 -7.637138 -6.509587 -5.903644 -5.624369 -5.433408 -4.382723 -4.188428 -3.944140
4.676660e-01 -7.652476 -6.527107 -5.923746 -5.646902 -5.456996 -4.418358 -4.233427 -3.991638
4.688670e-01 -7.678169 -6.556584 -5.958419 -5.683320 -5.498085 -4.478997 -4.309089 -4.071638
4.700680e-01 -7.705318 -6.586044 -5.991376 -5.719743 -5.539176 -4.538717 -4.384751 -4.151636
4.740360e-01 -7.790252 -6.682967 -6.103770 -5.840431 -5.672459 -4.737947 -4.636073 -4.429909
4.792080e-01 -7.898463 -6.807477 -6.249570 -5.998704 -5.845455 -4.987990 -4.956922 -4.800908
4.801240e-01 -7.916320 -6.827936 -6.274251 -6.024839 -5.874059 -5.027092 -5.007592 -4.857840
4.823220e-01 -7.959887 -6.878991 -6.331897 -6.087384 -5.942664 -5.121908 -5.125760 -4.993645
4.845750e-01 -8.002751 -6.928018 -6.391682 -6.150536 -6.011270 -5.215849 -5.242116 -5.129457
4.847840e-01 -8.007408 -6.933019 -6.396696 -6.156364 -6.017379 -5.225848 -5.252116 -5.141958
4.867070e-01 -8.042776 -6.974113 -6.446486 -6.209521 -6.075988 -5.303192 -5.353472 -5.258338
4.896890e-01 -8.094945 -7.037028 -6.520034 -6.292116 -6.165711 -5.424670 -5.506200 -5.443055
4.943160e-01 -8.171082 -7.127662 -6.632618 -6.415386 -6.301557 -5.608552 -5.737827 -5.730611
4.948400e-01 -8.179301 -7.138799 -6.644812 -6.429003 -6.316556 -5.626055 -5.761020 -5.760067
4.975430e-01 -8.221514 -7.188340 -6.707150 -6.496905 -6.392674 -5.725089 -5.884906 -5.914858
4.981310e-01 -8.229739 -7.199912 -6.720106 -6.511905 -6.407675 -5.746725 -5.910602 -5.946818
4.984560e-01 -8.232239 -7.201295 -6.723079 -6.518028 -6.415175 -5.746819 -5.910900 -5.976484
5.017420e-01 -8.279080 -7.259498 -6.795563 -6.598481 -6.504915 -5.863363 -6.056212 -6.164790
5.050940e-01 -8.326714 -7.318162 -6.868378 -6.678627 -6.592161 -5.975791 -6.199044 -6.359629
5.065530e-01 -8.345677 -7.342730 -6.898522 -6.711770 -6.629661 -6.024072 -6.257967 -6.444075
5.095510e-01 -8.385428 -7.390987 -6.961032 -6.781604 -6.704412 -6.121518 -6.378328 -6.611564
5.156690e-01 -8.461387 -7.486850 -7.081378 -6.916424 -6.855300 -6.320593 -6.626926 -6.934701
5.179000e-01 -8.488983 -7.519417 -7.122021 -6.963256 -6.908933 -6.388913 -6.710149 -7.035270
5.189400e-01 -8.499727 -7.534014 -7.141730 -6.984437 -6.932566 -6.420573 -6.748374 -7.079792
5.207240e-01 -8.520151 -7.560214 -7.174407 -7.020948 -6.973701 -6.473901 -6.814100 -7.156335
5.242910e-01 -8.560687 -7.609908 -7.237288 -7.092590 -7.054839 -6.578901 -6.945552 -7.309905
5.290470e-01 -8.612309 -7.673300 -7.317998 -7.185974 -7.159613 -6.716417 -7.116718 -7.515041
5.304580e-01 -8.627747 -7.691768 -7.340993 -7.212505 -7.190756 -6.754763 -7.164949 -7.571602
5.322350e-01 -8.645687 -7.713917 -7.370885 -7.246202 -7.226898 -6.803940 -7.225684 -7.641134
5.332830e-01 -8.656447 -7.728032 -7.386382 -7.265236 -7.250541 -6.832292 -7.259666 -7.683166
5.346790e-01 -8.671130 -7.745161 -7.409078 -7.291736 -7.280543 -6.869795 -7.305406 -7.737700
5.364260e-01 -8.689076 -7.767318 -7.438976 -7.325437 -7.316689 -6.915653 -7.362903 -7.804269
5.417870e-01 -8.743237 -7.834229 -7.525069 -7.425038 -7.428981 -7.054889 -7.534124 -8.006958
5.495900e-01 -8.825373 -7.933363 -7.651126 -7.569518 -7.588782 -7.250837 -7.768634 -8.282168
5.515800e-01 -8.845838 -7.958052 -7.683532 -7.604909 -7.627436 -7.295841 -7.824386 -8.346258
5.537030e-01 -8.866606 -7.984351 -7.716251 -7.641478 -7.668587 -7.344227 -7.880146 -8.412853
5.537040e-01 -8.863642 -7.977688 -7.707056 -7.635509 -7.666087 -7.340839 -7.886657 -8.416257
5.544660e-01 -8.876916 -7.992690 -7.722552 -7.653009 -7.683588 -7.357534 -7.917211 -8.461260
5.564630e-01 -8.897381 -8.017386 -7.754487 -7.687042 -7.721089 -7.402534 -7.970472 -8.520805
5.583210e-01 -8.917072 -8.039557 -7.782211 -7.718622 -7.757245 -7.443425 -8.016243 -8.572852
5.605180e-01 -8.937846 -8.065869 -7.815436 -7.757305 -7.797239 -7.490925 -8.068739 -8.631952
5.645400e-01 -8.980512 -8.115262 -7.877608 -7.825435 -7.873401 -7.577623 -8.165276 -8.740598
5.710860e-01 -9.047238 -8.194357 -7.976032 -7.937313 -7.995716 -7.719423 -8.322773 -8.911759
5.742390e-01 -9.078803 -8.232069 -8.021798 -7.989748 -8.051877 -7.783627 -8.393546 -8.988814
5.769410e-01 -9.106784 -8.264302 -8.061759 -8.033852 -8.100540 -7.838628 -8.453545 -9.053369
5.778090e-01 -9.115071 -8.274819 -8.074258 -8.046713 -8.115538 -7.855332 -8.473544 -9.073370
5.792080e-01 -9.129769 -8.291503 -8.094485 -8.069576 -8.140537 -7.882832 -8.504314 -9.105872
5.809570e-01 -9.146968 -8.311213 -8.119733 -8.097958 -8.169201 -7.917039 -8.541816 -9.145870
5.824640e-01 -9.160254 -8.328391 -8.140244 -8.120864 -8.195367 -7.947039 -8.574316 -9.180869
5.846890e-01 -9.183242 -8.353946 -8.170494 -8.154932 -8.232867 -7.988746 -8.622589 -9.230426
5.865210e-01 -9.200742 -8.373661 -8.195747 -8.183680 -8.264034 -8.023747 -8.662587 -9.272926
5.921980e-01 -9.255315 -8.438131 -8.273481 -8.269373 -8.357701 -8.129666 -8.780859 -9.395425
5.954430e-01 -9.285813 -8.472855 -8.314254 -8.315996 -8.408870 -8.187168 -8.844136 -9.462926
6.007650e-01 -9.336311 -8.529815 -8.382284 -8.391708 -8.492542 -8.280589 -8.947411 -9.569983
6.028040e-01 -9.354607 -8.552020 -8.407824 -8.420469 -8.523714 -8.314803 -8.985688 -9.609984
6.049900e-01 -9.374310 -8.573754 -8.434798 -8.449559 -8.556214 -8.352303 -9.025688 -9.652484
6.055730e-01 -9.375998 -8.576224 -8.435594 -8.452150 -8.561063 -8.363089 -9.038185 -9.669543
6.114260e-01 -9.427299 -8.635197 -8.506366 -8.531664 -8.647240 -8.457304 -9.140685 -9.774541
6.133690e-01 -9.444504 -8.653267 -8.529119 -8.557040 -8.674739 -8.487304 -9.172245 -9.807483
6.155160e-01 -9.460600 -8.674152 -8.554393 -8.585808 -8.705917 -8.519802 -9.207244 -9.844543
6.186480e-01 -9.486108 -8.703901 -8.589674 -8.624909 -8.748418 -8.564806 -9.256462 -9.894541
6.207520e-01 -9.504412 -8.724474 -8.614931 -8.652455 -8.777097 -8.594804 -9.287243 -9.927042
6.217380e-01 -9.511912 -8.733657 -8.624954 -8.663679 -8.789597 -8.609804 -9.302243 -9.942042
6.227140e-01 -9.520218 -8.742517 -8.635485 -8.676178 -8.802096 -8.622307 -9.314744 -9.954984
6.255130e-01 -9.541024 -8.768444 -8.667977 -8.711557 -8.839597 -8.661521 -9.354743 -9.994984
6.288080e-01 -9.566537 -8.798204 -8.703773 -8.751937 -8.882097 -8.704805 -9.397243 -10.039542
6.317730e-01 -9.590657 -8.825768 -8.736299 -8.788168 -8.919598 -8.744805 -9.434743 -10.077042
6.342450e-01 -9.608968 -8.847486 -8.762103 -8.818168 -8.949597 -8.774801 -9.463962 -10.107042
6.367160e-01 -9.627283 -8.869753 -8.789876 -8.848169 -8.979598 -8.805593 -9.493181 -10.134984
6.386730e-01 -9.641413 -8.887283 -8.810149 -8.871048 -9.004598 -8.830591 -9.515681 -10.157042
6.420330e-01 -9.667230 -8.918227 -8.847663 -8.911049 -9.044597 -8.870589 -9.552405 -10.192484
6.432960e-01 -9.673927 -8.928530 -8.857029 -8.925005 -9.061829 -8.890586 -9.569122 -10.209542
6.454440e-01 -9.688360 -8.947756 -8.880333 -8.950855 -9.083144 -8.913086 -9.589125 -10.229542
6.468740e-01 -9.697503 -8.961434 -8.895072 -8.965806 -9.096960 -8.926376 -9.600851 -10.244101
6.485560e-01 -9.710003 -8.976178 -8.913118 -8.985429 -9.114459 -8.945581 -9.617570 -10.259101
6.512340e-01 -9.731359 -9.000695 -8.940619 -9.014583 -9.144460 -8.973872 -9.642575 -10.284101
6.533990e-01 -9.747186 -9.019924 -8.963405 -9.039202 -9.166960 -8.996371 -9.661798 -10.304101
6.563370e-01 -9.768842 -9.045506 -8.993673 -9.070765 -9.197097 -9.027160 -9.688524 -10.329100
6.577400e-01 -9.779672 -9.058007 -9.007251 -9.087042 -9.212096 -9.042160 -9.701030 -10.341601
6.604500e-01 -9.799128 -9.081721 -9.034238 -9.114544 -9.239597 -9.069657 -9.725255 -10.366601
6.624520e-01 -9.814669 -9.099222 -9.052821 -9.135776 -9.258418 -9.090447 -9.742756 -10.384101
6.651500e-01 -9.834134 -9.121788 -9.079804 -9.162898 -9.283417 -9.116239 -9.766986 -10.408661
6.683840e-01 -9.858020 -9.149287 -9.108415 -9.195353 -9.314739 -9.148739 -9.796213 -10.436601
6.794080e-01 -9.934242 -9.238390 -9.205918 -9.300626 -9.418277 -9.261235 -9.898152 -10.538661
6.838590e-01 -9.964578 -9.273457 -9.245974 -9.343079 -9.459596 -9.304527 -9.935650 -10.576161
6.876750e-01 -9.991282 -9.303489 -9.278763 -9.376913 -9.493278 -9.339527 -9.969127 -10.608662
6.913310e-01 -10.014635 -9.330225 -9.309078 -9.409368 -9.524597 -9.372820 -9.999125 -10.638662
6.948990e-01 -10.037493 -9.357210 -9.337436 -9.440701 -9.555778 -9.406116 -10.028366 -10.668661
7.002090e-01 -10.069502 -9.393981 -9.380006 -9.485655 -9.599595 -9.453614 -10.072607 -10.708661
7.039470e-01 -10.092573 -9.420686 -9.408053 -9.514820 -9.629597 -9.486113 -10.101849 -10.736602
7.083080e-01 -10.117954 -9.449048 -9.440602 -9.548610 -9.662096 -9.523612 -10.133593 -10.769102
7.170460e-01 -10.166134 -9.502773 -9.499304 -9.612030 -9.722098 -9.594409 -10.197083 -10.829101
7.196790e-01 -10.179794 -9.518964 -9.517112 -9.630826 -9.739599 -9.614408 -10.213831 -10.846601
7.232080e-01 -10.199036 -9.539792 -9.539919 -9.654948 -9.763419 -9.641905 -10.238078 -10.869099
7.258570e-01 -10.212700 -9.555984 -9.557173 -9.672120 -9.779597 -9.660206 -10.255579 -10.884540
7.284940e-01 -10.225031 -9.570985 -9.572729 -9.688790 -9.797099 -9.680205 -10.272327 -10.901605
7.292740e-01 -10.226334 -9.580315 -9.577436 -9.696937 -9.808972 -9.697807 -10.286575 -10.911601
7.340910e-01 -10.246178 -9.606273 -9.607726 -9.726622 -9.832775 -9.730307 -10.313329 -10.938664
7.367050e-01 -10.256030 -9.621653 -9.623824 -9.742669 -9.842775 -9.747010 -10.326833 -10.951600
7.398890e-01 -10.266771 -9.637890 -9.643312 -9.760749 -9.855279 -9.765303 -10.341835 -10.968663
7.444110e-01 -10.288412 -9.664879 -9.671671 -9.789323 -9.877778 -9.793598 -10.363592 -10.991162
7.491300e-01 -10.311382 -9.693039 -9.700059 -9.819048 -9.901585 -9.823595 -10.387105 -11.013662
7.535540e-01 -10.333058 -9.719555 -9.729856 -9.848281 -9.926705 -9.849390 -10.406363 -11.033661
7.575640e-01 -10.354856 -9.744047 -9.755752 -9.875523 -9.948018 -9.872687 -10.424882 -11.053658
7.626860e-01 -10.382170 -9.776861 -9.791391 -9.911650 -9.978016 -9.903486 -10.448411 -11.078223
7.662700e-01 -10.401783 -9.800569 -9.816725 -9.937580 -9.999332 -9.925985 -10.465176 -11.095718
7.697810e-01 -10.422017 -9.823855 -9.840373 -9.962704 -10.020645 -9.947588 -10.481942 -11.111162
7.748560e-01 -10.446407 -9.862813 -9.879365 -10.003292 -10.061257 -9.990178 -10.515474 -11.142785
7.778700e-01 -10.462328 -9.881528 -9.899707 -10.024588 -10.080058 -10.010177 -10.531515 -11.157783
7.833270e-01 -10.492548 -9.918526 -9.938132 -10.064121 -10.113759 -10.043476 -10.558290 -11.185281
7.868400e-01 -10.510977 -9.940280 -9.962874 -10.087923 -10.135059 -10.066776 -10.577563 -11.204845
7.922130e-01 -10.537800 -9.973998 -9.998783 -10.124169 -10.166261 -10.101774 -10.604336 -11.230286
7.965240e-01 -10.558407 -9.999067 -10.028269 -10.151832 -10.190059 -10.127576 -10.626113 -11.252786
8.018430e-01 -10.581507 -10.030287 -10.061684 -10.185604 -10.218762 -10.160879 -10.652888 -11.277780
8.091030e-01 -10.613090 -10.071508 -10.104516 -10.227641 -10.253760 -10.204180 -10.688946 -11.310283
8.147370e-01 -10.636548 -10.100266 -10.137687 -10.260309 -10.279961 -10.236679 -10.715008 -11.333222
8.204050e-01 -10.659436 -10.130992 -10.169682 -10.290213 -10.304960 -10.269176 -10.739290 -11.358223
8.241000e-01 -10.672925 -10.148527 -10.189999 -10.309379 -10.321164 -10.289981 -10.756077 -11.373223
8.304480e-01 -10.698662 -10.181755 -10.225683 -10.344273 -10.347368 -10.323288 -10.782148 -11.398662
8.349830e-01 -10.705425 -10.213555 -10.253795 -10.374643 -10.377979 -10.361856 -10.817511 -11.425721
8.422190e-01 -10.722957 -10.247048 -10.293578 -10.408238 -10.396691 -10.400153 -10.846094 -11.455724
8.472560e-01 -10.733956 -10.270034 -10.319465 -10.430795 -10.406672 -10.425151 -10.865385 -11.473662
8.550250e-01 -10.763205 -10.310291 -10.361805 -10.470092 -10.437916 -10.463448 -10.896474 -11.503661
8.613310e-01 -10.789886 -10.342568 -10.394395 -10.500501 -10.461658 -10.494247 -10.920068 -11.526161
8.711510e-01 -10.829587 -10.392798 -10.445681 -10.550277 -10.501650 -10.542548 -10.958667 -11.561599
8.772660e-01 -10.855343 -10.423799 -10.476434 -10.581552 -10.526648 -10.572545 -10.984074 -11.586602
8.853150e-01 -10.887366 -10.465328 -10.519020 -10.621082 -10.560407 -10.615043 -11.017685 -11.617041
8.899970e-01 -10.904655 -10.487340 -10.541890 -10.643715 -10.579163 -10.638346 -11.037684 -11.636600
8.932410e-01 -10.916235 -10.503598 -10.559130 -10.658897 -10.591678 -10.655844 -11.051992 -11.649541
8.996990e-01 -10.919905 -10.544611 -10.597905 -10.699127 -10.623800 -10.701944 -11.093109 -11.686602
9.054890e-01 -10.935434 -10.570144 -10.626362 -10.725507 -10.640323 -10.731942 -11.119232 -11.709102
9.126760e-01 -10.946304 -10.599236 -10.660782 -10.752160 -10.653197 -10.766943 -11.148544 -11.734982
9.193740e-01 -10.955144 -10.626331 -10.693528 -10.777225 -10.664948 -10.799439 -11.175357 -11.759985
9.257750e-01 -10.969506 -10.653414 -10.722758 -10.800603 -10.679101 -10.826938 -11.199672 -11.780427
9.355540e-01 -10.997584 -10.694953 -10.763458 -10.837662 -10.709630 -10.869437 -11.235123 -11.808814
9.429390e-01 -11.022790 -10.726492 -10.795450 -10.866090 -10.733664 -10.899433 -11.259443 -11.831760
9.547830e-01 -11.068040 -10.776541 -10.844780 -10.917557 -10.776359 -10.947727 -11.299909 -11.865152
9.632800e-01 -11.104264 -10.813821 -10.882443 -10.954694 -10.810209 -10.982724 -11.329232 -11.892653
9.710880e-01 -11.139364 -10.847324 -10.916016 -10.990959 -10.842711 -11.017723 -11.357885 -11.920151
9.750430e-01 -11.142074 -10.870445 -10.936919 -11.012591 -10.858138 -11.041262 -11.382885 -11.940153
9.821990e-01 -11.175715 -10.901433 -10.967992 -11.046887 -10.893137 -11.076258 -11.412213 -11.967207
9.875660e-01 -11.199697 -10.924696 -10.992782 -11.071887 -10.918139 -11.101260 -11.434715 -11.987653
9.922580e-01 -11.219699 -10.944697 -11.013439 -11.094431 -10.942011 -11.126259 -11.454716 -12.007205
9.984580e-01 -11.248558 -10.972199 -11.041593 -11.124472 -10.973386 -11.158755 -11.484045 -12.034707
1.004640e+00 -11.276056 -10.999228 -11.068906 -11.152978 -11.004761 -11.191255 -11.513375 -12.062205
1.008000e+00 -11.291055 -11.012962 -11.083905 -11.168243 -11.022263 -11.209546 -11.530207 -12.077205
1.019140e+00 -11.339249 -11.060967 -11.134583 -11.221831 -11.081398 -11.272048 -11.587041 -12.127651
1.023660e+00 -11.360610 -11.081004 -11.156217 -11.242141 -11.105281 -11.297048 -11.609542 -12.147654
1.032640e+00 -11.400957 -11.121004 -11.196232 -11.283414 -11.151664 -11.345339 -11.656376 -12.190153
1.041040e+00 -11.437666 -11.156979 -11.233963 -11.322234 -11.196933 -11.392838 -11.698878 -12.228099
1.046050e+00 -11.460518 -11.179480 -11.256481 -11.345748 -11.223321 -11.420336 -11.725712 -12.251048
1.051510e+00 -11.484732 -11.202016 -11.281272 -11.371057 -11.252212 -11.450337 -11.753213 -12.276048
1.056400e+00 -11.506216 -11.223254 -11.303134 -11.392073 -11.276101 -11.477835 -11.778213 -12.298997
1.065590e+00 -11.547581 -11.263253 -11.343134 -11.432698 -11.323886 -11.526130 -11.825050 -12.341497
1.070350e+00 -11.567932 -11.283289 -11.364789 -11.453714 -11.347781 -11.551925 -11.849387 -12.361949
1.074310e+00 -11.584652 -11.298762 -11.380654 -11.471303 -11.368073 -11.573630 -11.869387 -12.379449
1.078280e+00 -11.605202 -11.319320 -11.400505 -11.483160 -11.374473 -11.594315 -11.892552 -12.399899
1.083570e+00 -11.628054 -11.341820 -11.423024 -11.506679 -11.400873 -11.621815 -11.919389 -12.422852
1.100060e+00 -11.697270 -11.408060 -11.489907 -11.574076 -11.478987 -11.706818 -11.999390 -12.497850
1.104030e+00 -11.714770 -11.423832 -11.507181 -11.591139 -11.498987 -11.726817 -12.018731 -12.513305
1.107510e+00 -11.727622 -11.438062 -11.519906 -11.604660 -11.515395 -11.744317 -12.036231 -12.530351
1.114470e+00 -11.756490 -11.464302 -11.547425 -11.633229 -11.548213 -11.777617 -12.068728 -12.560805
1.128680e+00 -11.810712 -11.519076 -11.604294 -11.689617 -11.612452 -11.850114 -12.138071 -12.623758
1.133060e+00 -11.827199 -11.535319 -11.621793 -11.707213 -11.632786 -11.870914 -12.158732 -12.641712
1.140850e+00 -11.857553 -11.565318 -11.651793 -11.737531 -11.666705 -11.908416 -12.195571 -12.676713
1.144740e+00 -11.871422 -11.579585 -11.666793 -11.752578 -11.683124 -11.928415 -12.213075 -12.692168
1.150250e+00 -11.891779 -11.599585 -11.686812 -11.773652 -11.708468 -11.953417 -12.238071 -12.716713
1.154260e+00 -11.906778 -11.613803 -11.702020 -11.788929 -11.725969 -11.973416 -12.258072 -12.734213
1.169080e+00 -11.959994 -11.668106 -11.758680 -11.845102 -11.789175 -12.044217 -12.325575 -12.797169
1.173540e+00 -11.977136 -11.684351 -11.776181 -11.862648 -11.808105 -12.064218 -12.345572 -12.815124
1.179130e+00 -11.996366 -11.704095 -11.796410 -11.883682 -11.832036 -12.090916 -12.369915 -12.840123
1.183710e+00 -12.012494 -11.719863 -11.813700 -11.901459 -11.852036 -12.111718 -12.389912 -12.857624
1.186850e+00 -12.023743 -11.732658 -11.826947 -11.908940 -11.852036 -12.126630 -12.406758 -12.873081
1.192010e+00 -12.043742 -11.752184 -11.846109 -11.927696 -11.874535 -12.150825 -12.427419 -12.893539
1.197080e+00 -12.061242 -11.770158 -11.864466 -11.947745 -11.895968 -12.174132 -12.449914 -12.913539
1.202070e+00 -12.078741 -11.787694 -11.883629 -11.966278 -11.917403 -12.196630 -12.472417 -12.936039
1.207000e+00 -12.096599 -11.805669 -11.901354 -11.984813 -11.938838 -12.219133 -12.494918 -12.956039
1.212100e+00 -12.114100 -11.823684 -11.921354 -12.004861 -11.960275 -12.244132 -12.517418 -12.976498
1.231200e+00 -12.180591 -11.890962 -11.993875 -12.078547 -12.041037 -12.332439 -12.602421 -13.056959
1.236930e+00 -12.199818 -11.910708 -12.014102 -12.099583 -12.064981 -12.357438 -12.627420 -13.079457
1.243510e+00 -12.222319 -11.933726 -12.038474 -12.123124 -12.091426 -12.385745 -12.654920 -13.104918
1.251200e+00 -12.247318 -11.960494 -12.065993 -12.151619 -12.121427 -12.420745 -12.687422 -13.134918
1.257060e+00 -12.267318 -11.979764 -12.088492 -12.174166 -12.145373 -12.444055 -12.709921 -13.155379
1.264990e+00 -12.293809 -12.007263 -12.115993 -12.202225 -12.177873 -12.477365 -12.739923 -13.184918
1.271000e+00 -12.313810 -12.027747 -12.136222 -12.223220 -12.200373 -12.502365 -12.762423 -13.205380
1.277220e+00 -12.333809 -12.048269 -12.158722 -12.245771 -12.224322 -12.528175 -12.787423 -13.227880
1.285540e+00 -12.361310 -12.074523 -12.186260 -12.275083 -12.257221 -12.563174 -12.817424 -13.255841
1.291820e+00 -12.382442 -12.095778 -12.208760 -12.297865 -12.282220 -12.587303 -12.842424 -13.278805
1.298280e+00 -12.402801 -12.117545 -12.231260 -12.320415 -12.306176 -12.613988 -12.865584 -13.301304
1.306990e+00 -12.430303 -12.145570 -12.261280 -12.351467 -12.340127 -12.649801 -12.899926 -13.331768
1.313600e+00 -12.453163 -12.165172 -12.286218 -12.370851 -12.353674 -12.677252 -12.924925 -13.357234
1.320350e+00 -12.475020 -12.188159 -12.308946 -12.394401 -12.380129 -12.703072 -12.949929 -13.380202
1.329470e+00 -12.505020 -12.218724 -12.343115 -12.427673 -12.414082 -12.740573 -12.984928 -13.413167
1.336380e+00 -12.528887 -12.242240 -12.368322 -12.452955 -12.441585 -12.768892 -13.012429 -13.438166
1.343490e+00 -12.552883 -12.267241 -12.393966 -12.480274 -12.469502 -12.798891 -13.039929 -13.463633
1.353010e+00 -12.585746 -12.302001 -12.429195 -12.516046 -12.505960 -12.837214 -13.077428 -13.498632
1.360180e+00 -12.611110 -12.327531 -12.456694 -12.543596 -12.534917 -12.867213 -13.105589 -13.524098
1.367570e+00 -12.637607 -12.355525 -12.484404 -12.571148 -12.563882 -12.898036 -13.133090 -13.551605
1.377470e+00 -12.672972 -12.391058 -12.521300 -12.607925 -12.602843 -12.936362 -13.173092 -13.587069
1.384930e+00 -12.699340 -12.418324 -12.549633 -12.637202 -12.632845 -12.967187 -13.200592 -13.612539
1.392420e+00 -12.725837 -12.445121 -12.578389 -12.663982 -12.661809 -12.997187 -13.228755 -13.640039
1.402480e+00 -12.762206 -12.481855 -12.614240 -12.701534 -12.700774 -13.037186 -13.268755 -13.675042
1.410100e+00 -12.788704 -12.508656 -12.643618 -12.730042 -12.730777 -13.068014 -13.296256 -13.700510
1.417820e+00 -12.816571 -12.536656 -12.671329 -12.757645 -12.761212 -13.096342 -13.326255 -13.728013
1.428160e+00 -12.852939 -12.573930 -12.709060 -12.795923 -12.800185 -13.137172 -13.364418 -13.763486
1.435940e+00 -12.880439 -12.601430 -12.736560 -12.823759 -12.831656 -13.167172 -13.392582 -13.788954
1.443790e+00 -12.908309 -12.628199 -12.764292 -12.852038 -12.860629 -13.195504 -13.421920 -13.816456
1.454150e+00 -12.943676 -12.665438 -12.799736 -12.888102 -12.899603 -13.233834 -13.458249 -13.851931
1.461830e+00 -12.971547 -12.691706 -12.826616 -12.914168 -12.928580 -13.263833 -13.485749 -13.876932
1.469770e+00 -12.999047 -12.719712 -12.854350 -12.942683 -12.958580 -13.292167 -13.515749 -13.902404
1.480420e+00 -13.035788 -12.755724 -12.889798 -12.978804 -12.999035 -13.330504 -13.553915 -13.937883
1.488460e+00 -13.063658 -12.783221 -12.917298 -13.006357 -13.028017 -13.360503 -13.581415 -13.963357
1.496540e+00 -13.091531 -12.811233 -12.945032 -13.034643 -13.056998 -13.388005 -13.609583 -13.988357
1.507310e+00 -13.129032 -12.847465 -12.980267 -13.070715 -13.095982 -13.426340 -13.647751 -14.023835
1.515390e+00 -13.155780 -12.874752 -13.007365 -13.096789 -13.124966 -13.454677 -13.675252 -14.048834
1.523630e+00 -13.187407 -12.900323 -13.036023 -13.115217 -13.132557 -13.481470 -13.701416 -14.078251
1.534530e+00 -13.224153 -12.936343 -13.071474 -13.151290 -13.171536 -13.518969 -13.738917 -14.111234
1.542650e+00 -13.252030 -12.962585 -13.096710 -13.177131 -13.199498 -13.546469 -13.767084 -14.136716
1.558830e+00 -13.306283 -13.015564 -13.147184 -13.229284 -13.257467 -13.600674 -13.822751 -14.187202
1.566920e+00 -13.333036 -13.041079 -13.172422 -13.255129 -13.285440 -13.628178 -13.850922 -14.212685
1.583110e+00 -13.387674 -13.093353 -13.223117 -13.307059 -13.342409 -13.683178 -13.907265 -14.263654
1.591280e+00 -13.415552 -13.119602 -13.248356 -13.333196 -13.372896 -13.710678 -13.935438 -14.289144
1.601930e+00 -13.449816 -13.152618 -13.281097 -13.366548 -13.408389 -13.746533 -13.971786 -14.324143
1.612320e+00 -13.484080 -13.186120 -13.311800 -13.398722 -13.446388 -13.779039 -14.007463 -14.354632
1.627910e+00 -13.534119 -13.234626 -13.358115 -13.447134 -13.498395 -13.829894 -14.061318 -14.402620
1.643500e+00 -13.583781 -13.281403 -13.403604 -13.494140 -13.551924 -13.879899 -14.112000 -14.448110
1.660060e+00 -13.634448 -13.328179 -13.449118 -13.542140 -13.606460 -13.928257 -14.161545 -14.493602
1.676630e+00 -13.684122 -13.374925 -13.492946 -13.588352 -13.658510 -13.975758 -14.209730 -14.537085
1.693190e+00 -13.733406 -13.421106 -13.534298 -13.633110 -13.710570 -14.019117 -14.255415 -14.577579
1.710200e+00 -13.783092 -13.465563 -13.575426 -13.677881 -13.762644 -14.064975 -14.301101 -14.620077
1.727220e+00 -13.832387 -13.511789 -13.618424 -13.722602 -13.813199 -14.107479 -14.344979 -14.660572
1.744230e+00 -13.881684 -13.556250 -13.659539 -13.766387 -13.864327 -14.149204 -14.388860 -14.701067
1.761950e+00 -13.932476 -13.603218 -13.703155 -13.812623 -13.916439 -14.191706 -14.436360 -14.742060
1.779070e+00 -13.982180 -13.648882 -13.744294 -13.857414 -13.968560 -14.234207 -14.480246 -14.782559
1.801890e+00 -14.047891 -13.708356 -13.800419 -13.916276 -14.036292 -14.289209 -14.538443 -14.837558
1.810070e+00 -14.070794 -13.730820 -13.820673 -13.937162 -14.059394 -14.307575 -14.559138 -14.855557
1.826450e+00 -14.117201 -13.772799 -13.859318 -13.979172 -14.106557 -14.345941 -14.599832 -14.893058
1.851470e+00 -14.186922 -13.837281 -13.919830 -14.041616 -14.179357 -14.402576 -14.660533 -14.948557
1.882850e+00 -14.273738 -13.915731 -13.991238 -14.117642 -14.267190 -14.470944 -14.731933 -15.016557
1.891530e+00 -14.297655 -13.937632 -14.009633 -14.138602 -14.291906 -14.489313 -14.751932 -15.034058
1.908910e+00 -14.344069 -13.979627 -14.048269 -14.180105 -14.340056 -14.525947 -14.789431 -15.069559
1.932690e+00 -14.407384 -14.035675 -14.101693 -14.237216 -14.403875 -14.573447 -14.840133 -15.115063
1.951740e+00 -14.458395 -14.081594 -14.142592 -14.280990 -14.453626 -14.609315 -14.878336 -15.152562
1.970620e+00 -14.508395 -14.125135 -14.181255 -14.323349 -14.503390 -14.644317 -14.915838 -15.187562
1.990070e+00 -14.558803 -14.169900 -14.222182 -14.368153 -14.554073 -14.679318 -14.950839 -15.222562
2.010830e+00 -14.613394 -14.217949 -14.265612 -14.415462 -14.607261 -14.716819 -14.990840 -15.257562
2.031940e+00 -14.668394 -14.266016 -14.309019 -14.461993 -14.660452 -14.754319 -15.028343 -15.293065
2.054400e+00 -14.714573 -14.307791 -14.330615 -14.483562 -14.645890 -14.768222 -15.042927 -15.306070
2.079920e+00 -14.778189 -14.363746 -14.379058 -14.536337 -14.705889 -14.809128 -15.085427 -15.346070
2.114050e+00 -14.859172 -14.435292 -14.445021 -14.607407 -14.783393 -14.863225 -15.142216 -15.400566
2.149130e+00 -14.941544 -14.506871 -14.511621 -14.679901 -14.860891 -14.917322 -15.197215 -15.453066
2.191300e+00 -15.036819 -14.590949 -14.587862 -14.761969 -14.947714 -14.979824 -15.264002 -15.513570
2.240870e+00 -15.144084 -14.685092 -14.676969 -14.857161 -15.047044 -15.049825 -15.336505 -15.583065
2.298680e+00 -15.264271 -14.791223 -14.776128 -14.963712 -15.155455 -15.128926 -15.416504 -15.660062
2.319100e+00 -15.305671 -14.827884 -14.809559 -15.000000 -15.192294 -15.153926 -15.444005 -15.685062
2.359940e+00 -15.387380 -14.899892 -14.878406 -15.073481 -15.264133 -15.205526 -15.495793 -15.734560
2.420840e+00 -15.505711 -15.005241 -14.976866 -15.175757 -15.365334 -15.275528 -15.565796 -15.802060
2.506680e+00 -15.663058 -15.148443 -15.110991 -15.315345 -15.499355 -15.368731 -15.659375 -15.891056
2.614680e+00 -15.852466 -15.321226 -15.275743 -15.480078 -15.652842 -15.474629 -15.763668 -15.992060
2.722680e+00 -16.030042 -15.485263 -15.430327 -15.632760 -15.794328 -15.572130 -15.857255 -16.081561
2.830680e+00 -16.198725 -15.641608 -15.579042 -15.774137 -15.927528 -15.663025 -15.945145 -16.168069
2.938680e+00 -16.359992 -15.790933 -15.718937 -15.908287 -16.054390 -15.753024 -16.031943 -16.252576
3.046680e+00 -16.511345 -15.931910 -15.852949 -16.035017 -16.175439 -15.838924 -16.115545 -16.334587
3.154680e+00 -16.655671 -16.064267 -15.977288 -16.153702 -16.289156 -15.922324 -16.197348 -16.412577
3.262680e+00 -16.790080 -16.188272 -16.096371 -16.266134 -16.397418 -16.002319 -16.274152 -16.487085
3.370680e+00 -16.915975 -16.305261 -16.208237 -16.371345 -16.499322 -16.075723 -16.345956 -16.557084
3.478680e+00 -17.034821 -16.415854 -16.313261 -16.471311 -16.595275 -16.148223 -16.413458 -16.624093
3.586680e+00 -17.145839 -16.517845 -16.410800 -16.563843 -16.685246 -16.214127 -16.477766 -16.686592
3.694680e+00 -17.251185 -16.615316 -16.503580 -16.650568 -16.770286 -16.279126 -16.539573 -16.746592
3.802680e+00 -17.350202 -16.706420 -16.591155 -16.733182 -16.851803 -16.340034 -16.598881 -16.804092
3.910680e+00 -17.443738 -16.793413 -16.674333 -16.811883 -16.927274 -16.400032 -16.655691 -16.858601
4.018680e+00 -17.531551 -16.875913 -16.753825 -16.884567 -17.000280 -16.455940 -16.710691 -16.911101
4.126680e+00 -17.613413 -16.952497 -16.827865 -16.954955 -17.068321 -16.510936 -16.762502 -16.961099
4.234680e+00 -17.693770 -17.026990 -16.897997 -17.019932 -17.134163 -16.561847 -16.811815 -17.008599
4.342680e+00 -17.768186 -17.096074 -16.964575 -17.083705 -17.196139 -16.611844 -16.859315 -17.054092
4.450680e+00 -17.839542 -17.163545 -17.028063 -17.142814 -17.255639 -16.657755 -16.904316 -17.098599
4.558680e+00 -17.907457 -17.227153 -17.088800 -17.199147 -17.311527 -16.702755 -16.948629 -17.141100
4.666680e+00 -17.971724 -17.287154 -17.147048 -17.252981 -17.364927 -16.746164 -16.991125 -17.181592
4.774670e+00 -18.033501 -17.345100 -17.201412 -17.304321 -17.415841 -16.787753 -17.031127 -17.221592
4.882670e+00 -18.092789 -17.401210 -17.254654 -17.352336 -17.464272 -16.827753 -17.070442 -17.259091
4.990670e+00 -18.148411 -17.453681 -17.304332 -17.400068 -17.511565 -16.866162 -17.107942 -17.296591
5.098670e+00 -18.202718 -17.503681 -17.352631 -17.444795 -17.556360 -16.902078 -17.144757 -17.331591
5.206670e+00 -18.255467 -17.553624 -17.397577 -17.487529 -17.598666 -16.937076 -17.179757 -17.366591
5.314670e+00 -18.303606 -17.599735 -17.441441 -17.528643 -17.639820 -16.971163 -17.212260 -17.399093
5.422670e+00 -18.351362 -17.644704 -17.483630 -17.568878 -17.679628 -17.002075 -17.244756 -17.431591
5.638670e+00 -18.441088 -17.729645 -17.562458 -17.642731 -17.753109 -17.062075 -17.304759 -17.491592
5.854660e+00 -18.524247 -17.809589 -17.636278 -17.710757 -17.821600 -17.117075 -17.359757 -17.548601
6.070660e+00 -18.601495 -17.883144 -17.703199 -17.774325 -17.883936 -17.167076 -17.411575 -17.600609
6.286660e+00 -18.674668 -17.952611 -17.766793 -17.833186 -17.942449 -17.212990 -17.457259 -17.648110
6.610650e+00 -18.774144 -18.048408 -17.853418 -17.913716 -18.023477 -17.272990 -17.519756 -17.713110
7.690640e+00 -19.003531 -18.212872 -17.976843 -18.063737 -18.217075 -17.292333 -17.557777 -17.750609
8.113670e+00 -19.092996 -18.301224 -18.055931 -18.134238 -18.279509 -17.326433 -17.597778 -17.795120
8.484670e+00 -19.153024 -18.366313 -18.114713 -18.182780 -18.319447 -17.340533 -17.614584 -17.812130
8.700670e+00 -19.185556 -18.401255 -18.144117 -18.206208 -18.338170 -17.345533 -17.618893 -17.817131
8.997660e+00 -19.224928 -18.446819 -18.182662 -18.235982 -18.361890 -17.350534 -17.622087 -17.821642
9.213660e+00 -19.251763 -18.477254 -18.209540 -18.255019 -18.376891 -17.353032 -17.622087 -17.824142
9.429650e+00 -19.274884 -18.505806 -18.233126 -18.271368 -18.391892 -17.353931 -17.621395 -17.823655
9.753640e+00 -19.309873 -18.548254 -18.268913 -18.296084 -18.415617 -17.357332 -17.620705 -17.823169
1.007760e+01 -19.347315 -18.591779 -18.304193 -18.319861 -18.443115 -17.362542 -17.621395 -17.825669
1.018560e+01 -19.361675 -18.606800 -18.320003 -18.330261 -18.453520 -17.372540 -17.628202 -17.830669
1.061760e+01 -19.419679 -18.671229 -18.373116 -18.371850 -18.499728 -17.391853 -17.645014 -17.847684
1.094160e+01 -19.462126 -18.720233 -18.414339 -18.404400 -18.533520 -17.406173 -17.656825 -17.858170
1.126560e+01 -19.501740 -18.766738 -18.453045 -18.432786 -18.562228 -17.414584 -17.661828 -17.865184
1.158960e+01 -19.537662 -18.809187 -18.488976 -18.458370 -18.587228 -17.417995 -17.663637 -17.867201
1.180560e+01 -19.557661 -18.835693 -18.508294 -18.471226 -18.602228 -17.416411 -17.661143 -17.864700
1.202160e+01 -19.576375 -18.858143 -18.525336 -18.482949 -18.614727 -17.412325 -17.657954 -17.859700
1.223760e+01 -19.590444 -18.876736 -18.541770 -18.494316 -18.624729 -17.405743 -17.650454 -17.854216
1.245360e+01 -19.601776 -18.894184 -18.553834 -18.502479 -18.635939 -17.399161 -17.642269 -17.844700
1.266960e+01 -19.611490 -18.909159 -18.566085 -18.510930 -18.645939 -17.390082 -17.634085 -17.834216
1.288560e+01 -19.619057 -18.921659 -18.577553 -18.518481 -18.654728 -17.381002 -17.624086 -17.824216
1.310160e+01 -19.623806 -18.933219 -18.587321 -18.525516 -18.663438 -17.371925 -17.613400 -17.811717
1.331750e+01 -19.628575 -18.943713 -18.598776 -18.532245 -18.670939 -17.362847 -17.602721 -17.801234
1.353350e+01 -19.633361 -18.954182 -18.608569 -18.540053 -18.679649 -17.353773 -17.592039 -17.788734
1.374950e+01 -19.637177 -18.963788 -18.622219 -18.549284 -18.689650 -17.345627 -17.582044 -17.776233
1.396550e+01 -19.639496 -18.973845 -18.634503 -18.558155 -18.697151 -17.339054 -17.572045 -17.766234
1.418150e+01 -19.644332 -18.985935 -18.648956 -18.568711 -18.705864 -17.333416 -17.565684 -17.758733
1.439750e+01 -19.647690 -18.999620 -18.665440 -18.580849 -18.715862 -17.329351 -17.558185 -17.750752
1.461350e+01 -19.651561 -19.010815 -18.680408 -18.593605 -18.725863 -17.325285 -17.553185 -17.743252
1.482950e+01 -19.654966 -19.023422 -18.696876 -18.604984 -18.735862 -17.321220 -17.546831 -17.735753
1.504550e+01 -19.657382 -19.033535 -18.711354 -18.616359 -18.745863 -17.315594 -17.539334 -17.725752
1.526150e+01 -19.658484 -19.042250 -18.723334 -18.625548 -18.754577 -17.309035 -17.531160 -17.715753
1.547750e+01 -19.658127 -19.051486 -18.737329 -18.635243 -18.763363 -17.302477 -17.522989 -17.703253
1.558550e+01 -19.653638 -19.055119 -18.747005 -18.633727 -18.770208 -17.312804 -17.530480 -17.708253
1.580150e+01 -19.651068 -19.061933 -18.760704 -18.643625 -18.777602 -17.304698 -17.520481 -17.695752
1.601750e+01 -19.650408 -19.070093 -18.773003 -18.652511 -18.785101 -17.298147 -17.511636 -17.685272
1.623340e+01 -19.647578 -19.076932 -18.786688 -18.661392 -18.792602 -17.290050 -17.503466 -17.673253
1.644940e+01 -19.643736 -19.082922 -18.800856 -18.671372 -18.798905 -17.283503 -17.493471 -17.660751
1.666540e+01 -19.640651 -19.090291 -18.815345 -18.682408 -18.806405 -17.276958 -17.487130 -17.648252
1.688140e+01 -19.636430 -19.098315 -18.831217 -18.692697 -18.813904 -17.270414 -17.478965 -17.638252
1.709740e+01 -19.631195 -19.104872 -18.845225 -18.701292 -18.820209 -17.266371 -17.470798 -17.628253
1.731340e+01 -19.624826 -19.112576 -18.859252 -18.710593 -18.825209 -17.262328 -17.465133 -17.618252
1.752940e+01 -19.618201 -19.117498 -18.869530 -18.718443 -18.831514 -17.256750 -17.459471 -17.608735
1.774540e+01 -19.607759 -19.119709 -18.876079 -18.721799 -18.836632 -17.252712 -17.453147 -17.596234
1.796140e+01 -19.596198 -19.119146 -18.880594 -18.724696 -18.842942 -17.244643 -17.444990 -17.581717
1.817740e+01 -19.583593 -19.115544 -18.880611 -18.725850 -18.846753 -17.238109 -17.436830 -17.567201
1.839340e+01 -19.567094 -19.109451 -18.878128 -18.724908 -18.851881 -17.229079 -17.428017 -17.552200
1.860940e+01 -19.551496 -19.101683 -18.873141 -18.721768 -18.855697 -17.221020 -17.419208 -17.535184
1.882540e+01 -19.531738 -19.092286 -18.868645 -18.720731 -18.858196 -17.214492 -17.412901 -17.520185
1.904130e+01 -19.513698 -19.082055 -18.863346 -18.717296 -18.860833 -17.207967 -17.404752 -17.503656
1.925730e+01 -19.493456 -19.071019 -18.858541 -18.716320 -18.864654 -17.201442 -17.400304 -17.489142
1.947330e+01 -19.473242 -19.060552 -18.855766 -18.716102 -18.868475 -17.197420 -17.396513 -17.477131
1.968930e+01 -19.453053 -19.050096 -18.853444 -18.716513 -18.872299 -17.195899 -17.393371 -17.465120
1.990530e+01 -19.432895 -19.039685 -18.853317 -18.719067 -18.876123 -17.196877 -17.392728 -17.457620
2.012130e+01 -19.410265 -19.030164 -18.853514 -18.722376 -18.879949 -17.199378 -17.393944 -17.451100
2.033730e+01 -19.389912 -19.021494 -18.855405 -18.724934 -18.883776 -17.201878 -17.397666 -17.446592
2.055330e+01 -19.368477 -19.013393 -18.858089 -18.729682 -18.888936 -17.207860 -17.402029 -17.442577
2.076930e+01 -19.347082 -19.004771 -18.860000 -18.732996 -18.892768 -17.212860 -17.408258 -17.440572
2.098530e+01 -19.325665 -18.997336 -18.875271 -18.728700 -18.897013 -17.229293 -17.422616 -17.450078
2.120130e+01 -19.303819 -18.989309 -18.876215 -18.732633 -18.900832 -17.234296 -17.429485 -17.449064
2.141730e+01 -19.279993 -18.980020 -18.878132 -18.735947 -18.904654 -17.241795 -17.436984 -17.449561
2.163320e+01 -19.258243 -18.972083 -18.880338 -18.738555 -18.909798 -17.246795 -17.445718 -17.452559
2.184920e+01 -19.235380 -18.962824 -18.880059 -18.739790 -18.914949 -17.253309 -17.455090 -17.453558
2.206520e+01 -19.211450 -18.953626 -18.881950 -18.741584 -18.918776 -17.260811 -17.464461 -17.456558
2.228120e+01 -19.186163 -18.944304 -18.883695 -18.742765 -18.922605 -17.265812 -17.474463 -17.460063
2.249720e+01 -19.163198 -18.934026 -18.885589 -18.744247 -18.925267 -17.273313 -17.486332 -17.465566
2.271320e+01 -19.136683 -18.924831 -18.889527 -18.746494 -18.927935 -17.281346 -17.498205 -17.469075
2.292920e+01 -19.110222 -18.915654 -18.891256 -18.746606 -18.930609 -17.288847 -17.512575 -17.477082
2.314520e+01 -19.082394 -18.904099 -18.894891 -18.748094 -18.933288 -17.298848 -17.526953 -17.485598
2.336120e+01 -19.053528 -18.894329 -18.896162 -18.746521 -18.934818 -17.307868 -17.541950 -17.494117
2.357720e+01 -19.022012 -18.880315 -18.893373 -18.744441 -18.936163 -17.317869 -17.554451 -17.504628
2.379320e+01 -18.988248 -18.865017 -18.887642 -18.739369 -18.937710 -17.326889 -17.568826 -17.515140
2.411710e+01 -18.936440 -18.837256 -18.872387 -18.727596 -18.938127 -17.339391 -17.588825 -17.533666
2.444110e+01 -18.880989 -18.805713 -18.850911 -18.714878 -18.936066 -17.350913 -17.609448 -17.554181
2.476510e+01 -18.826884 -18.771936 -18.828669 -18.700748 -18.937660 -17.363414 -17.631944 -17.577196
2.508910e+01 -18.771614 -18.737560 -18.806916 -18.688525 -18.939511 -17.376463 -17.657567 -17.603230
2.541310e+01 -18.714980 -18.702604 -18.785649 -18.678716 -18.941139 -17.392990 -17.685691 -17.631248
2.573710e+01 -18.659711 -18.668442 -18.768809 -18.672449 -18.944163 -17.412575 -17.718190 -17.662289
2.606110e+01 -18.602030 -18.634418 -18.754470 -18.667918 -18.949710 -17.434109 -17.751942 -17.695310
2.638510e+01 -18.543505 -18.596313 -18.759464 -18.670927 -18.939271 -17.458714 -17.790061 -17.737811
2.681700e+01 -18.463280 -18.550989 -18.747535 -18.673605 -18.951065 -17.493327 -17.840058 -17.784380
2.724900e+01 -18.380553 -18.502882 -18.733445 -18.674982 -18.962895 -17.528912 -17.888810 -17.832405
2.768100e+01 -18.295482 -18.452549 -18.719648 -18.679212 -18.978385 -17.563546 -17.936938 -17.878986
2.822100e+01 -18.185632 -18.388144 -18.702932 -18.682970 -18.998898 -17.610692 -17.998193 -17.939517
2.876100e+01 -18.071369 -18.322161 -18.685295 -18.683934 -19.015821 -17.656906 -18.060691 -17.996107
2.930090e+01 -17.951116 -18.251844 -18.665232 -18.680476 -19.024176 -17.701582 -18.118821 -18.052175
2.984090e+01 -17.826508 -18.177376 -18.635766 -18.668328 -19.026488 -17.743768 -18.169451 -18.102710
3.038090e+01 -17.697412 -18.096659 -18.597472 -18.652307 -19.023538 -17.780966 -18.210720 -18.148783
3.092090e+01 -17.571073 -18.014616 -18.552802 -18.632985 -19.020624 -17.816602 -18.246992 -18.195745
3.167680e+01 -17.406550 -17.904201 -18.492691 -18.612210 -19.020604 -17.867246 -18.299549 -18.260745
3.210880e+01 -17.318409 -17.843708 -18.468977 -18.610951 -19.018124 -17.899875 -18.338270 -18.301820
3.318880e+01 -17.121616 -17.702499 -18.412371 -18.605866 -19.040604 -17.985310 -18.428336 -18.392898
3.426870e+01 -16.928913 -17.556167 -18.354458 -18.598410 -19.065275 -18.067589 -18.513980 -18.473978
3.534870e+01 -16.729903 -17.404167 -18.292144 -18.581843 -19.071426 -18.139678 -18.587773 -18.545063
3.642870e+01 -16.525422 -17.249813 -18.218848 -18.546200 -19.056583 -18.178600 -18.630920 -18.588110
3.750860e+01 -16.332514 -17.099367 -18.130074 -18.496175 -19.020540 -18.189885 -18.640920 -18.603109
3.858860e+01 -16.166773 -16.970796 -18.056788 -18.451598 -18.994918 -18.216500 -18.662871 -18.635067
3.966850e+01 -16.036862 -16.862457 -17.998923 -18.423446 -18.986809 -18.262236 -18.705370 -18.679520
4.074850e+01 -15.919629 -16.761389 -17.943230 -18.394903 -18.976213 -18.302103 -18.741023 -18.718978
4.182840e+01 -15.796491 -16.658481 -17.884622 -18.359185 -18.954604 -18.322856 -18.763523 -18.741478
4.290840e+01 -15.675723 -16.554707 -17.816645 -18.315497 -18.921079 -18.297746 -18.746023 -18.723983
4.398840e+01 -15.545752 -16.447821 -17.742628 -18.257193 -18.875628 -18.247745 -18.702868 -18.689859
4.506830e+01 -15.426648 -16.351628 -17.673108 -18.204572 -18.832684 -18.236012 -18.686674 -18.686281
4.614830e+01 -15.325217 -16.270929 -17.615440 -18.163079 -18.802683 -18.251007 -18.695486 -18.707175
4.722820e+01 -15.233894 -16.199007 -17.560527 -18.121805 -18.769155 -18.255142 -18.696143 -18.716643
4.830820e+01 -15.143193 -16.124954 -17.503219 -18.079445 -18.732104 -18.232643 -18.678641 -18.701110
4.938810e+01 -15.045909 -16.047049 -17.440116 -18.028885 -18.687682 -18.161876 -18.620482 -18.649518
5.046810e+01 -14.941171 -15.963700 -17.372157 -17.973416 -18.633457 -18.068617 -18.542321 -18.584906
5.154800e+01 -14.841412 -15.884419 -17.310116 -17.919926 -18.575772 -18.021117 -18.498631 -18.557811
5.262800e+01 -14.754328 -15.817719 -17.258805 -17.877719 -18.531036 -17.997859 -18.472448 -18.551245
5.370800e+01 -14.677938 -15.759595 -17.208673 -17.837754 -18.487094 -17.951362 -18.432447 -18.524179
5.478790e+01 -14.600035 -15.702720 -17.161778 -17.795283 -18.441338 -17.874005 -18.371784 -18.474623
5.586790e+01 -14.519746 -15.643258 -17.110857 -17.752861 -18.392393 -17.759324 -18.281117 -18.397589
5.694780e+01 -14.442718 -15.584374 -17.063894 -17.711773 -18.341805 -17.640398 -18.187954 -18.322563
5.802780e+01 -14.370733 -15.531630 -17.022708 -17.676813 -18.294176 -17.564694 -18.126107 -18.282559
5.878380e+01 -14.331160 -15.499792 -16.996767 -17.656437 -18.266385 -17.531491 -18.094265 -18.261564
5.986370e+01 -14.271853 -15.459472 -16.967352 -17.628850 -18.228048 -17.472606 -18.044260 -18.227084
6.094370e+01 -14.215992 -15.420832 -16.936220 -17.601276 -18.189762 -17.404422 -17.986100 -18.180120
6.202360e+01 -14.159225 -15.379591 -16.902013 -17.571641 -18.151527 -17.329655 -17.922284 -18.124143
6.310360e+01 -14.103225 -15.338371 -16.868551 -17.543410 -18.113127 -17.260568 -17.859130 -18.072683
6.418350e+01 -14.052883 -15.299083 -16.839123 -17.518297 -18.077511 -17.199900 -17.805974 -18.031234
6.526350e+01 -14.003717 -15.265401 -16.813128 -17.494758 -18.039449 -17.145156 -17.758475 -17.995272
6.634350e+01 -13.953829 -15.231870 -16.787944 -17.469752 -18.003937 -17.089502 -17.710318 -17.956335
6.742340e+01 -13.903007 -15.196824 -16.759454 -17.444404 -17.968622 -17.034502 -17.659665 -17.914431
6.850340e+01 -13.851458 -15.159558 -16.727724 -17.416818 -17.934379 -16.977928 -17.606515 -17.868958
6.958330e+01 -13.803763 -15.121603 -16.698383 -17.390962 -17.901631 -16.923853 -17.555866 -17.827542
7.066330e+01 -13.754740 -15.085907 -16.672295 -17.367998 -17.866299 -16.869782 -17.510215 -17.789572
7.174320e+01 -13.706491 -15.052470 -16.647917 -17.344558 -17.828519 -16.819781 -17.465216 -17.755667
7.282320e+01 -13.657582 -15.020009 -16.621909 -17.320724 -17.794576 -16.770711 -17.422068 -17.719269
7.390320e+01 -13.609390 -14.984217 -16.592691 -17.294974 -17.763231 -16.725713 -17.378922 -17.683806
7.498310e+01 -13.561149 -14.947425 -16.562561 -17.267708 -17.734390 -16.680712 -17.338276 -17.648342
7.606310e+01 -13.511226 -14.909306 -16.533998 -17.243350 -17.703028 -16.632288 -17.297634 -17.614917
7.714300e+01 -13.463076 -14.875816 -16.508051 -17.220523 -17.669200 -16.583216 -17.257630 -17.581958
7.822300e+01 -13.414992 -14.841410 -16.482882 -17.195695 -17.635407 -16.534148 -17.217626 -17.550581
7.930290e+01 -13.366931 -14.806781 -16.454440 -17.170521 -17.601648 -16.491646 -17.181983 -17.520124
8.038290e+01 -13.318899 -14.770048 -16.425085 -17.144366 -17.574151 -16.453223 -17.148841 -17.492167
8.146280e+01 -13.269733 -14.731861 -16.393436 -17.118602 -17.547913 -16.414796 -17.118199 -17.464668
8.254280e+01 -13.221711 -14.696339 -16.366582 -17.094402 -17.519188 -16.372300 -17.083837 -17.438758
8.362280e+01 -13.171923 -14.662722 -16.339842 -17.070145 -17.489243 -16.327303 -17.050694 -17.410804
8.470270e+01 -13.123979 -14.628159 -16.311374 -17.043995 -17.455555 -16.283228 -17.015692 -17.382851
8.578270e+01 -13.078525 -14.592758 -16.282186 -17.018788 -17.426874 -16.244805 -16.987555 -17.357400
8.686260e+01 -13.029468 -14.555870 -16.252848 -16.992705 -17.400647 -16.212958 -16.962550 -17.334900
8.794260e+01 -12.979750 -14.518823 -16.221272 -16.966509 -17.378206 -16.179535 -16.937553 -17.314448
8.902250e+01 -12.932524 -14.484309 -16.192869 -16.942391 -17.350766 -16.141118 -16.910051 -17.291947
9.010250e+01 -12.883494 -14.448675 -16.166034 -16.917792 -17.320833 -16.101115 -16.882547 -17.268999
9.118240e+01 -12.838140 -14.414402 -16.136812 -16.891117 -17.289698 -16.061122 -16.854409 -17.246050
9.226240e+01 -12.790365 -14.378858 -16.106809 -16.864037 -17.263488 -16.027702 -16.830046 -17.223999
9.334240e+01 -12.741349 -14.342958 -16.076023 -16.838863 -17.241070 -15.997706 -16.809406 -17.206050
9.442230e+01 -12.694227 -14.306373 -16.046754 -16.814291 -17.217369 -15.968370 -16.789405 -17.188550
9.550230e+01 -12.645256 -14.272794 -16.017688 -16.789243 -17.191165 -15.934956 -16.767540 -17.168997
9.658220e+01 -12.600027 -14.238571 -15.988477 -16.762639 -17.161261 -15.899958 -16.744400 -17.151048
9.766220e+01 -12.552946 -14.203093 -15.959265 -16.736094 -17.132558 -15.864963 -16.721899 -17.131048
9.874210e+01 -12.504006 -14.168323 -15.928494 -16.710453 -17.107665 -15.834964 -16.699398 -17.113100
9.982210e+01 -12.457558 -14.132871 -15.898551 -16.685387 -17.086467 -15.805636 -16.679395 -17.095599
1.009020e+02 -12.410540 -14.098488 -15.869343 -16.659814 -17.062777 -15.775638 -16.659395 -17.078100
1.019820e+02 -12.366010 -14.066452 -15.841085 -16.635294 -17.034083 -15.746318 -16.639393 -17.063100
1.030620e+02 -12.318994 -14.033344 -15.813592 -16.609846 -17.006584 -15.716321 -16.619391 -17.045599
1.041420e+02 -12.272015 -13.998831 -15.782841 -16.583737 -16.979203 -15.686323 -16.599389 -17.028101
1.052220e+02 -12.225047 -13.964535 -15.753744 -16.558174 -16.955515 -15.657916 -16.577528 -17.012654
1.063020e+02 -12.179965 -13.930397 -15.724599 -16.533637 -16.931829 -15.629506 -16.557526 -16.995153
1.073820e+02 -12.135507 -13.899844 -15.699554 -16.509670 -16.906828 -15.601104 -16.539386 -16.979705
1.084620e+02 -12.088561 -13.867692 -15.671315 -16.485644 -16.880643 -15.573606 -16.520023 -16.964705
1.095420e+02 -12.044130 -13.834851 -15.644627 -16.461623 -16.854460 -15.545201 -16.500022 -16.947653
1.106220e+02 -11.999158 -13.801859 -15.615592 -16.437099 -16.830778 -15.517705 -16.480659 -16.932206
1.117020e+02 -11.954774 -13.768878 -15.587310 -16.412582 -16.808278 -15.491801 -16.462520 -16.916759
1.127820e+02 -11.910984 -13.738400 -15.561517 -16.389168 -16.785777 -15.463400 -16.443157 -16.901761
1.138620e+02 -11.868540 -13.706827 -15.535639 -16.366611 -16.762097 -15.438403 -16.425016 -16.886760
1.149410e+02 -11.824769 -13.677244 -15.509057 -16.342649 -16.737098 -15.410905 -16.407515 -16.871758
1.159130e+02 -11.787929 -13.649478 -15.484169 -16.320646 -16.715918 -15.387505 -16.390655 -16.858815
1.168850e+02 -11.748636 -13.620259 -15.458455 -16.299614 -16.694739 -15.364106 -16.373153 -16.844259
1.178570e+02 -11.709907 -13.592340 -15.434378 -16.279071 -16.676064 -15.341608 -16.358152 -16.831315
1.189370e+02 -11.668114 -13.563136 -15.409393 -16.256651 -16.653563 -15.315711 -16.340651 -16.816316
1.199090e+02 -11.631898 -13.537568 -15.385416 -16.235685 -16.633563 -15.294813 -16.323790 -16.803813
1.208810e+02 -11.595142 -13.511046 -15.362876 -16.214661 -16.612388 -15.271420 -16.308789 -16.791315
1.218530e+02 -11.558938 -13.484360 -15.338803 -16.193639 -16.591213 -15.248922 -16.293148 -16.778371
1.228250e+02 -11.522740 -13.456653 -15.314732 -16.172619 -16.570042 -15.226422 -16.278147 -16.765871
1.239050e+02 -11.483507 -13.428508 -15.288219 -16.150211 -16.547542 -15.203030 -16.261286 -16.752925
1.248770e+02 -11.449287 -13.403314 -15.266594 -16.130700 -16.530041 -15.182137 -16.246286 -16.740425
1.258490e+02 -11.415609 -13.377953 -15.242626 -16.109743 -16.510042 -15.159640 -16.231284 -16.727925
1.268210e+02 -11.379984 -13.352492 -15.220962 -16.091168 -16.490202 -15.138748 -16.216283 -16.715427
1.277930e+02 -11.346329 -13.328167 -15.196997 -16.070213 -16.470202 -15.117858 -16.201283 -16.702926
1.287650e+02 -11.312137 -13.303001 -15.174557 -16.049200 -16.449033 -15.095361 -16.186282 -16.692483
1.298450e+02 -11.275994 -13.275213 -15.149576 -16.027297 -16.429034 -15.071974 -16.169422 -16.677485
1.308170e+02 -11.244317 -13.251055 -15.126495 -16.008357 -16.409033 -15.051974 -16.154421 -16.667482
1.317890e+02 -11.211223 -13.226923 -15.104054 -15.987841 -16.390367 -15.031976 -16.141920 -16.654984
1.327610e+02 -11.180082 -13.204107 -15.082595 -15.969336 -16.371703 -15.012701 -16.126919 -16.642484
1.337330e+02 -11.148957 -13.180138 -15.060979 -15.949335 -16.351703 -14.992702 -16.111919 -16.632042
1.348130e+02 -11.114823 -13.154687 -15.036099 -15.926953 -16.329203 -14.969318 -16.096917 -16.619541
1.357850e+02 -11.084225 -13.130722 -15.014483 -15.907387 -16.310538 -14.949319 -16.082559 -16.607040
1.367570e+02 -11.053131 -13.107926 -14.992202 -15.888003 -16.293039 -14.929322 -16.069416 -16.596603
1.377290e+02 -11.024525 -13.085131 -14.970651 -15.869503 -16.274375 -14.910940 -16.055058 -16.584100
1.387010e+02 -10.993950 -13.063357 -14.949198 -15.851065 -16.256877 -14.890941 -16.042558 -16.574100
1.396730e+02 -10.965351 -13.040564 -14.927587 -15.831064 -16.236877 -14.872559 -16.027556 -16.561599
1.399960e+02 -10.957319 -13.034231 -14.920246 -15.825067 -16.230715 -14.864179 -16.023199 -16.559099
