time U B V R I J H K
5.000000e-01 inf inf inf inf inf inf inf inf
1.500000e+00 -12.201927 -12.139978 -12.735127 -13.162541 -13.646396 -14.299525 -14.392388 -14.898904
2.500000e+00 -13.673900 -14.271603 -14.784462 -15.082419 -15.087024 -15.782081 -15.995740 -16.086903
3.500000e+00 -15.885345 -15.884178 -16.044351 -16.252933 -16.522440 -16.547259 -16.231778 -16.344076
4.500000e+00 -16.945659 -16.651601 -16.736736 -16.969834 -17.190089 -16.852461 -16.760098 -16.624567
5.500000e+00 -17.576523 -17.182964 -17.234227 -17.446724 -17.686329 -17.118353 -17.114463 -16.825630
6.500000e+00 -18.020690 -17.588149 -17.602246 -17.819234 -18.064768 -17.375792 -17.272158 -17.115964
7.500000e+00 -18.416743 -17.948945 -17.941808 -18.124663 -18.323696 -17.634138 -17.432441 -17.310607
8.500000e+00 -18.735677 -18.214608 -18.197651 -18.356581 -18.494032 -17.788498 -17.547639 -17.441619
9.500000e+00 -18.972469 -18.439710 -18.409413 -18.530856 -18.614720 -17.914894 -17.571714 -17.569578
1.050000e+01 -19.161721 -18.632569 -18.584050 -18.674375 -18.739756 -17.982599 -17.588609 -17.517804
1.150000e+01 -19.300245 -18.786729 -18.736864 -18.791583 -18.852355 -18.039373 -17.627058 -17.479585
1.250000e+01 -19.404854 -18.909329 -18.860838 -18.883036 -18.926094 -18.086132 -17.573723 -17.499381
1.350000e+01 -19.474604 -19.005538 -18.969596 -18.953006 -18.983940 -18.076537 -17.570673 -17.446871
1.450000e+01 -19.516758 -19.087322 -19.060302 -18.998570 -19.026906 -18.062788 -17.521228 -17.364829
1.550000e+01 -19.527413 -19.149040 -19.137527 -19.042133 -19.063479 -18.042165 -17.445355 -17.317382
1.650000e+01 -19.516575 -19.196768 -19.189113 -19.065446 -19.098515 -17.998174 -17.349783 -17.148560
1.750000e+01 -19.484007 -19.226275 -19.235744 -19.089708 -19.130024 -17.912669 -17.325454 -17.147002
1.850000e+01 -19.412069 -19.236515 -19.261161 -19.099380 -19.146288 -17.880774 -17.303023 -16.958318
1.950000e+01 -19.318510 -19.239829 -19.279528 -19.098718 -19.164282 -17.802190 -17.231136 -16.937906
2.050000e+01 -19.197883 -19.233540 -19.294284 -19.097074 -19.178408 -17.768695 -17.197461 -16.831336
2.150000e+01 -19.073624 -19.216174 -19.293721 -19.084058 -19.182388 -17.674377 -17.191189 -16.801132
2.250000e+01 -18.941814 -19.188538 -19.286493 -19.064975 -19.187587 -17.669504 -17.192969 -16.818665
2.350000e+01 -18.804152 -19.152132 -19.267318 -19.039212 -19.191686 -17.592781 -17.211034 -16.861146
2.450000e+01 -18.673127 -19.103009 -19.243109 -19.006599 -19.183162 -17.580634 -17.270848 -16.926661
2.550000e+01 -18.534880 -19.040104 -19.204951 -18.961493 -19.176259 -17.545184 -17.356131 -17.062560
2.650000e+01 -18.400490 -18.969598 -19.160899 -18.913045 -19.138209 -17.497971 -17.448623 -17.186722
2.750000e+01 -18.240132 -18.875148 -19.110056 -18.857007 -19.095941 -17.449555 -17.611169 -17.312456
2.850000e+01 -18.080087 -18.769928 -19.051940 -18.794324 -19.040258 -17.436476 -17.772678 -17.487821
2.950000e+01 -17.904201 -18.644721 -18.992364 -18.726582 -18.986249 -17.416663 -17.982256 -17.677740
3.050000e+01 -17.740189 -18.525123 -18.927769 -18.667290 -18.937411 -17.403806 -18.151188 -17.854835
3.150000e+01 -17.564016 -18.397890 -18.865726 -18.609420 -18.883625 -17.430766 -18.298170 -18.024443
3.250000e+01 -17.359297 -18.270358 -18.799402 -18.565891 -18.838644 -17.456151 -18.426481 -18.168023
3.350000e+01 -17.160280 -18.136999 -18.736943 -18.530878 -18.807773 -17.537467 -18.525072 -18.266880
3.450000e+01 -16.927948 -18.001023 -18.670848 -18.509981 -18.778657 -17.612962 -18.627671 -18.393219
3.550000e+01 -16.688609 -17.857048 -18.599095 -18.496721 -18.760296 -17.683188 -18.702135 -18.453185
3.650000e+01 -16.442329 -17.724073 -18.538478 -18.489387 -18.752304 -17.778357 -18.761618 -18.530151
3.750000e+01 -16.228119 -17.594733 -18.475799 -18.488922 -18.754721 -17.842885 -18.822533 -18.586729
3.850000e+01 -16.019836 -17.470047 -18.421198 -18.480652 -18.754974 -17.885905 -18.856173 -18.621268
3.950000e+01 -15.820976 -17.348186 -18.356528 -18.475140 -18.752754 -17.942795 -18.876420 -18.679065
4.050000e+01 -15.641971 -17.250510 -18.303108 -18.463049 -18.752653 -17.971208 -18.877450 -18.692774
4.150000e+01 -15.460937 -17.149238 -18.244672 -18.444633 -18.750476 -17.994928 -18.879714 -18.696889
4.250000e+01 -15.306786 -17.057995 -18.187565 -18.423910 -18.731709 -18.004877 -18.895589 -18.731460
4.350000e+01 -15.141065 -16.975804 -18.124049 -18.400012 -18.721918 -18.014903 -18.869469 -18.716755
4.450000e+01 -15.011096 -16.895745 -18.068590 -18.366799 -18.703990 -18.016934 -18.848830 -18.700702
4.550000e+01 -14.874630 -16.822866 -18.017919 -18.337887 -18.679098 -18.028026 -18.844466 -18.701078
4.650000e+01 -14.711852 -16.747339 -17.966600 -18.297383 -18.653203 -18.015826 -18.836521 -18.678341
4.750000e+01 -14.612480 -16.687068 -17.907478 -18.247893 -18.623864 -17.992803 -18.805424 -18.673194
4.850000e+01 -14.456388 -16.622506 -17.855763 -18.200927 -18.590711 -17.969546 -18.788732 -18.619297
4.950000e+01 -14.368067 -16.577850 -17.805765 -18.154952 -18.553246 -17.938769 -18.758277 -18.576417
5.050000e+01 -14.229671 -16.530345 -17.757328 -18.107508 -18.519763 -17.900004 -18.716982 -18.557938
5.150000e+01 -14.094756 -16.479915 -17.711471 -18.053690 -18.476347 -17.862341 -18.691047 -18.505488
5.250000e+01 -13.938468 -16.440096 -17.666717 -18.004105 -18.437178 -17.792088 -18.661120 -18.468845
5.350000e+01 -13.860452 -16.409790 -17.616287 -17.954070 -18.387101 -17.740528 -18.635162 -18.422794
5.450000e+01 -13.722359 -16.370829 -17.575021 -17.893851 -18.351292 -17.675825 -18.598231 -18.403506
5.550000e+01 -13.572235 -16.332115 -17.535171 -17.842679 -18.303786 -17.604707 -18.569512 -18.335151
5.650000e+01 -13.456221 -16.296560 -17.493595 -17.799943 -18.263478 -17.503160 -18.527619 -18.306044
5.750000e+01 -13.337319 -16.253169 -17.455109 -17.754692 -18.224652 -17.422114 -18.496845 -18.247908
5.850000e+01 -13.187679 -16.227733 -17.421710 -17.710292 -18.190622 -17.325488 -18.450413 -18.208071
5.950000e+01 -13.026999 -16.188488 -17.389131 -17.665520 -18.148359 -17.253256 -18.424374 -18.170926
6.050000e+01 -12.857212 -16.149109 -17.353210 -17.613486 -18.111088 -17.154397 -18.384966 -18.088068
6.150000e+01 -12.681681 -16.117570 -17.317921 -17.572871 -18.078344 -17.062326 -18.345453 -18.076771
6.250000e+01 -12.551644 -16.080041 -17.286470 -17.529213 -18.044941 -17.001003 -18.322694 -18.028710
6.350000e+01 -12.429715 -16.044325 -17.251263 -17.481002 -18.014151 -16.933949 -18.287912 -18.019477
6.450000e+01 -12.192172 -16.001837 -17.216829 -17.445664 -17.992715 -16.865596 -18.257441 -17.982287
6.550000e+01 -12.060944 -15.952055 -17.180895 -17.400383 -17.955690 -16.798421 -18.185345 -17.944101
6.650000e+01 -11.832569 -15.931958 -17.147133 -17.364484 -17.932872 -16.733659 -18.138849 -17.977995
6.750000e+01 -11.766789 -15.874760 -17.105166 -17.313962 -17.902213 -16.682056 -18.115702 -17.943107
6.850000e+01 -11.559340 -15.839133 -17.067416 -17.274806 -17.869010 -16.641957 -18.079999 -17.958114
6.950000e+01 -11.465942 -15.794054 -17.022334 -17.232620 -17.846910 -16.593605 -18.029895 -17.909222
7.050000e+01 -11.315135 -15.746102 -16.979345 -17.191207 -17.820872 -16.550086 -17.979397 -17.889993
7.150000e+01 -11.132468 -15.701906 -16.942154 -17.157528 -17.790003 -16.520370 -17.956014 -17.895296
7.250000e+01 -11.054354 -15.656129 -16.885178 -17.121517 -17.763885 -16.477209 -17.908688 -17.928363
7.350000e+01 -10.926348 -15.608699 -16.834519 -17.084883 -17.733779 -16.471814 -17.875503 -17.909970
7.450000e+01 -10.825163 -15.558871 -16.793648 -17.051812 -17.712956 -16.444505 -17.809516 -17.903457
7.550000e+01 -10.528576 -15.510266 -16.751821 -17.028122 -17.688229 -16.439683 -17.779925 -17.904490
7.650000e+01 -10.501253 -15.435180 -16.703890 -16.998740 -17.668312 -16.444265 -17.723954 -17.951920
7.750000e+01 -10.375884 -15.394877 -16.646842 -16.968992 -17.635333 -16.442187 -17.654054 -17.957840
7.850000e+01 -10.204055 -15.326997 -16.611196 -16.953335 -17.611446 -16.441834 -17.613576 -17.963529
7.950000e+01 -10.086442 -15.265146 -16.559435 -16.921877 -17.586660 -16.464314 -17.562900 -17.976881
8.050000e+01 -10.072574 -15.201019 -16.506422 -16.910166 -17.565011 -16.465883 -17.532195 -17.979326
8.150000e+01 -9.797253 -15.132292 -16.465535 -16.880481 -17.535484 -16.485597 -17.483746 -17.978462
8.250000e+01 -9.735461 -15.046939 -16.408426 -16.863484 -17.515745 -16.514398 -17.388865 -17.990978
8.350000e+01 -9.607727 -14.986058 -16.362368 -16.834402 -17.484482 -16.549435 -17.359259 -17.950398
8.450000e+01 -9.636109 -14.892106 -16.307873 -16.823779 -17.466856 -16.585517 -17.333847 -17.926089
8.550000e+01 -9.186078 -14.806622 -16.246696 -16.798050 -17.448997 -16.613917 -17.294025 -17.907517
8.650000e+01 -9.303185 -14.694150 -16.211340 -16.779866 -17.427610 -16.669321 -17.251144 -17.882020
8.750000e+01 -9.140541 -14.595028 -16.146763 -16.753903 -17.403647 -16.706220 -17.233094 -17.869763
8.850000e+01 -8.887478 -14.500323 -16.107690 -16.737253 -17.375651 -16.749597 -17.182364 -17.830754
8.950000e+01 -8.489896 -14.408082 -16.040252 -16.706995 -17.359766 -16.810017 -17.139432 -17.802726
9.050000e+01 -8.322101 -14.292482 -16.006153 -16.693037 -17.341342 -16.858691 -17.076322 -17.790096
9.150000e+01 -8.305035 -14.190652 -15.941596 -16.668565 -17.328541 -16.905887 -17.067822 -17.766626
9.250000e+01 -8.581147 -14.072879 -15.890579 -16.638763 -17.297707 -16.947265 -17.047573 -17.731199
9.350000e+01 -8.418230 -13.967043 -15.832741 -16.610105 -17.275748 -17.006044 -17.007791 -17.699532
9.450000e+01 -8.478952 -13.847275 -15.785977 -16.587868 -17.269494 -17.052796 -16.934809 -17.688911
9.550000e+01 -7.720399 -13.720805 -15.739504 -16.562466 -17.242807 -17.090263 -16.950130 -17.635526
9.650000e+01 -7.750179 -13.639630 -15.679758 -16.528265 -17.218019 -17.124160 -16.881914 -17.615737
9.750000e+01 -7.053591 -13.546146 -15.639167 -16.496145 -17.198667 -17.179887 -16.860535 -17.571536
9.850000e+01 -7.098783 -13.420311 -15.588098 -16.471629 -17.195304 -17.203766 -16.829238 -17.572734
9.950000e+01 -7.532487 -13.307755 -15.519827 -16.448239 -17.175065 -17.235031 -16.785641 -17.524791
1.005000e+02 -6.806671 -13.188854 -15.477451 -16.411757 -17.146072 -17.271961 -16.744329 -17.505526
1.015000e+02 -6.531649 -13.108882 -15.434247 -16.375969 -17.120444 -17.291629 -16.701898 -17.511233
1.025000e+02 -6.740503 -12.988735 -15.374001 -16.347814 -17.102361 -17.316582 -16.696220 -17.441838
1.035000e+02 -5.596019 -12.867093 -15.315801 -16.310326 -17.081917 -17.325560 -16.649357 -17.430758
1.045000e+02 -6.357475 -12.764791 -15.271069 -16.284066 -17.071899 -17.345961 -16.612263 -17.406057
1.055000e+02 -5.718543 -12.636914 -15.216328 -16.255979 -17.049217 -17.360128 -16.588087 -17.381278
1.065000e+02 -6.425102 -12.554482 -15.160712 -16.215029 -17.038856 -17.386629 -16.551586 -17.361422
1.075000e+02 -6.721942 -12.380061 -15.112088 -16.190908 -17.008033 -17.401182 -16.495092 -17.347968
1.085000e+02 -5.280507 -12.283002 -15.061612 -16.148559 -17.001987 -17.407378 -16.487775 -17.333066
1.095000e+02 -6.135945 -12.187169 -14.997151 -16.120034 -16.981991 -17.416541 -16.454279 -17.320280
1.105000e+02 -6.016032 -12.031431 -14.922340 -16.085079 -16.965762 -17.412900 -16.411716 -17.276283
1.115000e+02 -4.867265 -11.909400 -14.879263 -16.058047 -16.961742 -17.433352 -16.390219 -17.233875
1.125000e+02 -5.406379 -11.779511 -14.800537 -16.015774 -16.940490 -17.423814 -16.382309 -17.208912
1.135000e+02 -4.140701 -11.682133 -14.735274 -15.979938 -16.919627 -17.443027 -16.369064 -17.180540
1.145000e+02 -3.213571 -11.520440 -14.658897 -15.941119 -16.907405 -17.438856 -16.325169 -17.186333
1.155000e+02 -1.424130 -11.445802 -14.582977 -15.902981 -16.896605 -17.432650 -16.267942 -17.154779
1.165000e+02 -4.252990 -11.269590 -14.519088 -15.865891 -16.884810 -17.420187 -16.264656 -17.125201
1.175000e+02 -5.122487 -11.127256 -14.442162 -15.821531 -16.863231 -17.435053 -16.208558 -17.109974
1.185000e+02 -3.186268 -11.033549 -14.368302 -15.787890 -16.859254 -17.430021 -16.197988 -17.077516
1.195000e+02 -3.381485 -10.947719 -14.297533 -15.743115 -16.832628 -17.423496 -16.207992 -17.100493
1.205000e+02 inf -10.849803 -14.232181 -15.692820 -16.826869 -17.420182 -16.167782 -17.042301
1.215000e+02 -3.347285 -10.720303 -14.152156 -15.659432 -16.800609 -17.407542 -16.189532 -16.981273
1.225000e+02 -4.402942 -10.644108 -14.093688 -15.615107 -16.787685 -17.396689 -16.166194 -16.996697
1.235000e+02 -4.972649 -10.475272 -14.025495 -15.576881 -16.766096 -17.394134 -16.126148 -16.962121
1.245000e+02 -0.187475 -10.488801 -13.948754 -15.529637 -16.757969 -17.374589 -16.108859 -16.943268
1.255000e+02 -3.605233 -10.399435 -13.894487 -15.487520 -16.728110 -17.332194 -16.139832 -16.930389
1.265000e+02 -4.444128 -10.341441 -13.814811 -15.449388 -16.708868 -17.319315 -16.104647 -16.889346
1.275000e+02 inf -10.258422 -13.790373 -15.392380 -16.684644 -17.297274 -16.063885 -16.880188
1.285000e+02 -3.550105 -10.204312 -13.725003 -15.358482 -16.657637 -17.272107 -16.057125 -16.900673
1.295000e+02 inf -10.165604 -13.677068 -15.320286 -16.636765 -17.248642 -16.059150 -16.856752
1.305000e+02 inf -9.970450 -13.593747 -15.263874 -16.594206 -17.227234 -16.036167 -16.808930
1.315000e+02 -5.156463 -10.108725 -13.566348 -15.232302 -16.576295 -17.210584 -16.028478 -16.797297
1.325000e+02 inf -10.094724 -13.480736 -15.193155 -16.551057 -17.174291 -16.009700 -16.778506
1.335000e+02 inf -9.943588 -13.441240 -15.160036 -16.510608 -17.162718 -15.997537 -16.740309
1.345000e+02 -4.801847 -9.941112 -13.374359 -15.105626 -16.477345 -17.124699 -15.988943 -16.720624
1.355000e+02 -3.470151 -9.726190 -13.358989 -15.075276 -16.436951 -17.108750 -15.956164 -16.730235
1.365000e+02 inf -9.733249 -13.304975 -15.038649 -16.417677 -17.089890 -15.942562 -16.700818
1.375000e+02 -3.559911 -9.786601 -13.233477 -14.993812 -16.391301 -17.067316 -15.916984 -16.693622
1.385000e+02 -4.454191 -9.798387 -13.222186 -14.955072 -16.356435 -17.053279 -15.872278 -16.693074
1.395000e+02 -5.281013 -9.640982 -13.182707 -14.920525 -16.321830 -17.040223 -15.880232 -16.618569
1.405000e+02 -1.075988 -9.804296 -13.135943 -14.900155 -16.301614 -17.025608 -15.827330 -16.615582
1.415000e+02 inf -9.720706 -13.132052 -14.857537 -16.274148 -16.997693 -15.826994 -16.573535
1.425000e+02 inf -9.655358 -13.053929 -14.837261 -16.249804 -16.991083 -15.803139 -16.563554
1.435000e+02 inf -9.628414 -13.054933 -14.802005 -16.226554 -16.979926 -15.730845 -16.548946
1.445000e+02 inf -9.646820 -13.015802 -14.781486 -16.200190 -16.962125 -15.700714 -16.489738
1.455000e+02 inf -9.715803 -12.980679 -14.765587 -16.188237 -16.951990 -15.687579 -16.485037
1.465000e+02 -4.618131 -9.550165 -12.971193 -14.748319 -16.171230 -16.926763 -15.650093 -16.497882
1.475000e+02 inf -9.674827 -12.959744 -14.720041 -16.141444 -16.915505 -15.633868 -16.445311
1.485000e+02 inf -9.501842 -12.923681 -14.709774 -16.120751 -16.899837 -15.636512 -16.419738
1.495000e+02 inf -9.493460 -12.895919 -14.668258 -16.103473 -16.898936 -15.581843 -16.423110
1.505000e+02 -0.989949 -9.471922 -12.872756 -14.672012 -16.098322 -16.861527 -15.548566 -16.397757
1.515000e+02 inf -9.512516 -12.852628 -14.637039 -16.073685 -16.865707 -15.578422 -16.332869
1.525000e+02 1.276658 -9.516079 -12.821949 -14.603141 -16.049995 -16.842436 -15.505096 -16.296243
1.535000e+02 inf -9.465183 -12.832589 -14.596067 -16.041982 -16.831545 -15.515775 -16.290832
1.545000e+02 -2.739694 -9.445898 -12.822790 -14.572724 -16.023920 -16.830523 -15.493377 -16.275254
1.555000e+02 1.309875 -9.399082 -12.756086 -14.549693 -16.005906 -16.807883 -15.478263 -16.245382
1.565000e+02 inf -9.396110 -12.730668 -14.520334 -15.991065 -16.806446 -15.441651 -16.199252
1.575000e+02 -3.216196 -9.354146 -12.724464 -14.509668 -15.961952 -16.803224 -15.442999 -16.208410
1.585000e+02 -0.860567 -9.448485 -12.689748 -14.464402 -15.954097 -16.778256 -15.406332 -16.205397
1.595000e+02 inf -9.414854 -12.683418 -14.466598 -15.940283 -16.769470 -15.437238 -16.189814
1.605000e+02 inf -9.315802 -12.656374 -14.441546 -15.907157 -16.761090 -15.406318 -16.154376
1.615000e+02 inf -9.312252 -12.644894 -14.422806 -15.887452 -16.746370 -15.397866 -16.116316
1.625000e+02 inf -9.377037 -12.623839 -14.404925 -15.880680 -16.727143 -15.406350 -16.075657
1.635000e+02 inf -9.404561 -12.553492 -14.379734 -15.859858 -16.718714 -15.406189 -16.055396
1.645000e+02 inf -9.307115 -12.559395 -14.353519 -15.841004 -16.704575 -15.347624 -16.051427
1.655000e+02 inf -9.219645 -12.523733 -14.326017 -15.822946 -16.693753 -15.364762 -16.046536
1.665000e+02 inf -9.300049 -12.505448 -14.304441 -15.811210 -16.675431 -15.365360 -16.052967
1.675000e+02 inf -9.179246 -12.451406 -14.295338 -15.805393 -16.663050 -15.304500 -16.018212
1.685000e+02 -2.845186 -9.292342 -12.471053 -14.260526 -15.772238 -16.650548 -15.334069 -15.986982
1.695000e+02 inf -9.167371 -12.439142 -14.233778 -15.749753 -16.650142 -15.256081 -15.993293
1.705000e+02 inf -9.277066 -12.475636 -14.229018 -15.739542 -16.633155 -15.282345 -15.978571
1.715000e+02 inf -9.264825 -12.383593 -14.193187 -15.723239 -16.618860 -15.271386 -15.945313
1.725000e+02 inf -9.151955 -12.372839 -14.174568 -15.712696 -16.603699 -15.230746 -15.924131
1.735000e+02 inf -9.165275 -12.312968 -14.151804 -15.698866 -16.602505 -15.277487 -15.871189
1.745000e+02 1.506290 -9.036103 -12.336200 -14.134641 -15.668855 -16.581894 -15.248487 -15.865490
1.755000e+02 inf -9.128878 -12.294575 -14.110363 -15.654465 -16.571776 -15.185933 -15.867442
1.765000e+02 1.514182 -9.187064 -12.275505 -14.088196 -15.639718 -16.570928 -15.188481 -15.848731
1.775000e+02 inf -9.105180 -12.237069 -14.057943 -15.623464 -16.552267 -15.237415 -15.804617
1.785000e+02 inf -9.010811 -12.201134 -14.055735 -15.619057 -16.541776 -15.192671 -15.770467
1.795000e+02 inf -9.175393 -12.222259 -14.034107 -15.594053 -16.536912 -15.237507 -15.747365
1.805000e+02 inf -9.102721 -12.179477 -14.002957 -15.588292 -16.523471 -15.254141 -15.754796
1.815000e+02 -4.032737 -9.204087 -12.191057 -13.990189 -15.549535 -16.519785 -15.175474 -15.713927
1.825000e+02 inf -9.117747 -12.175982 -13.960928 -15.553563 -16.507764 -15.211198 -15.718076
1.835000e+02 inf -9.052195 -12.129932 -13.954008 -15.519028 -16.491430 -15.203330 -15.662337
1.845000e+02 1.582213 -9.075580 -12.062125 -13.927529 -15.497364 -16.468496 -15.154544 -15.630003
1.855000e+02 -2.785878 -9.015223 -12.083175 -13.891579 -15.504626 -16.476011 -15.155561 -15.630584
1.865000e+02 inf -9.097309 -12.045193 -13.895705 -15.497639 -16.466644 -15.172375 -15.617529
1.875000e+02 inf -8.946896 -12.018994 -13.845205 -15.470160 -16.436141 -15.118692 -15.580270
1.885000e+02 inf -9.081860 -12.012897 -13.827345 -15.441686 -16.423653 -15.147297 -15.572069
1.895000e+02 -3.195989 -9.045343 -11.986643 -13.815078 -15.432674 -16.431526 -15.082411 -15.537408
1.905000e+02 -3.199479 -9.153779 -11.986841 -13.803163 -15.426761 -16.413928 -15.158994 -15.529041
1.915000e+02 1.652284 -9.038586 -11.925118 -13.764298 -15.410497 -16.398843 -15.154878 -15.495802
1.925000e+02 inf -9.037333 -11.948978 -13.750559 -15.409141 -16.390103 -15.115888 -15.479152
1.935000e+02 inf -8.947847 -11.942020 -13.733298 -15.378611 -16.375114 -15.106102 -15.490041
1.945000e+02 inf -9.072523 -11.885305 -13.693993 -15.360528 -16.351180 -15.088490 -15.436886
1.955000e+02 inf -8.950054 -11.863563 -13.668210 -15.349897 -16.349992 -15.111163 -15.436681
1.965000e+02 inf -9.050437 -11.844463 -13.663494 -15.343553 -16.326947 -15.099446 -15.398191
1.975000e+02 -0.487463 -8.850986 -11.809480 -13.635013 -15.328810 -16.336631 -15.068298 -15.328177
1.985000e+02 inf -8.896188 -11.792564 -13.635566 -15.321102 -16.306975 -15.053102 -15.357421
1.995000e+02 inf -8.971031 -11.780551 -13.590809 -15.303139 -16.299300 -15.057553 -15.345005
2.005000e+02 inf -8.957170 -11.775372 -13.563910 -15.281503 -16.293939 -15.112156 -15.310733
2.015000e+02 -3.686313 -8.843469 -11.750039 -13.558617 -15.258430 -16.283373 -15.080804 -15.274476
2.025000e+02 inf -8.912228 -11.716430 -13.515000 -15.251025 -16.247362 -15.069719 -15.300079
2.035000e+02 inf -8.946529 -11.735714 -13.518214 -15.236120 -16.242257 -15.056337 -15.262544
2.045000e+02 -2.769992 -8.860144 -11.657761 -13.467475 -15.208376 -16.228692 -14.980318 -15.242896
2.055000e+02 1.811873 -9.001919 -11.679951 -13.477641 -15.197729 -16.221645 -15.037836 -15.201728
2.065000e+02 inf -8.864127 -11.590370 -13.423802 -15.189748 -16.208849 -14.997019 -15.205811
2.075000e+02 -1.841337 -8.886750 -11.617435 -13.408188 -15.179098 -16.176305 -14.983230 -15.180264
2.085000e+02 inf -8.753637 -11.596595 -13.384949 -15.151624 -16.184251 -15.013176 -15.182491
2.095000e+02 -1.204187 -8.873511 -11.622110 -13.366886 -15.146705 -16.170037 -15.001827 -15.152802
2.105000e+02 inf -8.834471 -11.615111 -13.342989 -15.123313 -16.156363 -14.998482 -15.132612
2.115000e+02 inf -8.878058 -11.532829 -13.328837 -15.116643 -16.144482 -14.927506 -15.112047
2.125000e+02 0.750515 -8.779200 -11.560734 -13.301648 -15.095210 -16.140501 -14.938268 -15.148371
2.135000e+02 inf -8.754729 -11.523766 -13.299144 -15.078926 -16.127944 -14.948819 -15.092549
2.145000e+02 inf -8.912121 -11.521189 -13.267154 -15.070686 -16.098946 -14.956356 -15.113008
2.155000e+02 0.793290 -8.839623 -11.469199 -13.259207 -15.047793 -16.085419 -14.959213 -15.085758
2.165000e+02 inf -8.834142 -11.482740 -13.231443 -15.036344 -16.080578 -14.877504 -15.047394
2.175000e+02 inf -7.751706 -10.272896 -11.874750 -13.744362 -14.771967 -14.585345 -14.282807
2.185000e+02 inf inf -4.653126 -7.562988 4.275466 -9.693316 -12.621675 -10.411096
2.195000e+02 inf inf -3.400681 -6.895403 inf -8.411051 -11.091776 -9.579912
2.205000e+02 inf inf -3.371929 -6.372031 4.312521 -7.426797 -10.146907 -8.680494
2.215000e+02 inf inf -1.806913 -4.742553 inf -6.529557 -8.821424 -6.542708
2.225000e+02 inf inf inf inf inf -6.061809 -8.286991 inf
2.235000e+02 inf inf 1.124688 -3.349499 inf -5.484348 -8.278354 -3.703835
2.245000e+02 inf inf inf inf inf inf -6.365629 inf
2.255000e+02 inf inf inf inf inf inf -6.364939 inf
2.265000e+02 inf inf inf inf inf inf inf inf
2.275000e+02 inf inf inf inf inf inf inf inf
2.285000e+02 inf inf inf inf inf inf inf inf
2.295000e+02 inf inf inf inf inf inf inf inf
2.305000e+02 inf inf inf inf inf inf inf inf
2.315000e+02 inf inf inf inf inf inf inf inf
2.325000e+02 inf inf inf inf inf inf inf inf
2.335000e+02 inf inf inf inf inf inf inf inf
2.345000e+02 inf inf inf inf inf inf inf inf
2.355000e+02 inf inf inf inf inf inf inf inf
2.365000e+02 inf inf inf inf inf inf inf inf
2.375000e+02 inf inf inf inf inf inf inf inf
2.385000e+02 inf inf inf inf inf inf inf inf
2.395000e+02 inf inf inf inf inf inf inf inf
2.405000e+02 inf inf inf inf inf inf inf inf
2.415000e+02 inf inf inf inf inf inf inf inf
2.425000e+02 inf inf inf inf inf inf inf inf
2.435000e+02 inf inf inf inf inf inf inf inf
2.445000e+02 inf inf inf inf inf inf inf inf
2.455000e+02 inf inf inf inf inf inf inf inf
2.465000e+02 inf inf inf inf inf inf inf inf
2.475000e+02 inf inf inf inf inf inf inf inf
2.485000e+02 inf inf inf inf inf inf inf inf
2.495000e+02 inf inf inf inf inf inf inf inf
