time U B V R I J H K
2.018616e+00 -12.769501 -13.540302 -14.371656 -14.855184 -15.040975 -15.884316 -16.134703 -16.297953
2.056193e+00 -12.359295 -13.332712 -14.212158 -14.694782 -14.854460 -15.750085 -16.036753 -16.186646
2.094470e+00 -11.859586 -13.000271 -13.904451 -14.421796 -14.628610 -15.543958 -15.864836 -16.016589
2.133460e+00 -11.468844 -12.509907 -13.438062 -14.028907 -14.358536 -15.224706 -15.550323 -15.686448
2.173176e+00 -10.946070 -11.896384 -12.618064 -13.401347 -14.066456 -14.799956 -15.089231 -15.245508
2.213630e+00 -10.516894 -11.391319 -11.902247 -12.838998 -13.840487 -14.527122 -14.707258 -14.983452
2.254838e+00 -9.968840 -11.322654 -11.617713 -12.752592 -13.760046 -14.429343 -14.639090 -14.937727
2.296813e+00 -9.750126 -11.079062 -11.525684 -12.779365 -13.672073 -14.534275 -14.674608 -14.987189
2.339570e+00 -9.759944 -11.356966 -11.513594 -12.849591 -13.725734 -14.497974 -14.785388 -14.798467
2.383122e+00 -9.842528 -11.550466 -11.568528 -12.993324 -13.639481 -14.591230 -14.881250 -15.134769
2.427485e+00 -10.200345 -11.885436 -11.875165 -13.036668 -13.526213 -14.762640 -14.744899 -15.102481
2.472674e+00 -10.535251 -12.109941 -12.087865 -13.282697 -13.671921 -14.823193 -15.052648 -15.230036
2.518704e+00 -11.257011 -12.443199 -12.640748 -13.585606 -13.899504 -14.878541 -15.132294 -15.242334
2.565592e+00 -11.450660 -12.612676 -12.707126 -13.688072 -13.933064 -14.848393 -15.061722 -15.618940
2.613351e+00 -11.575772 -12.914620 -13.133248 -13.881659 -14.179894 -15.035878 -15.380269 -15.843690
2.662000e+00 -11.669306 -13.203101 -13.318044 -14.116419 -14.099261 -15.095970 -15.455014 -15.670937
2.711555e+00 -11.733727 -13.340641 -13.575297 -14.339091 -14.278995 -15.325136 -15.454052 -15.602315
2.762032e+00 -11.829507 -13.461167 -13.942428 -14.515008 -14.519196 -15.477540 -15.671352 -15.700860
2.813449e+00 -12.176909 -13.725124 -14.162604 -14.616267 -14.701843 -15.502039 -15.785286 -15.928359
2.865823e+00 -12.349193 -13.896168 -14.302749 -14.739308 -14.666029 -15.587345 -15.700215 -15.993360
2.919172e+00 -12.432247 -14.037841 -14.494392 -14.745766 -14.808074 -15.726962 -15.865156 -15.936846
2.973513e+00 -12.717819 -14.136580 -14.657234 -14.983236 -14.935619 -15.790695 -15.878917 -16.093328
3.028867e+00 -12.734309 -14.346683 -14.837398 -15.087310 -15.037611 -15.854620 -15.892080 -16.002789
3.085251e+00 -12.845459 -14.457354 -14.956733 -15.227740 -15.107758 -15.925247 -16.079191 -16.050259
3.142685e+00 -12.993895 -14.616801 -15.037216 -15.288430 -15.231664 -16.042983 -16.008810 -16.041740
3.201188e+00 -13.169601 -14.685859 -15.112591 -15.350033 -15.377075 -16.052670 -16.219179 -16.122684
3.260779e+00 -13.395465 -14.825887 -15.255783 -15.454958 -15.423118 -16.094835 -16.219123 -16.417575
3.321481e+00 -13.658797 -14.945722 -15.355185 -15.515251 -15.481278 -16.210597 -16.258607 -16.242111
3.383312e+00 -13.854888 -15.031399 -15.420068 -15.632439 -15.611126 -16.230610 -16.366310 -16.246605
3.446294e+00 -14.055690 -15.141388 -15.531454 -15.723320 -15.713518 -16.202719 -16.341690 -16.372700
3.510449e+00 -14.233598 -15.263587 -15.527470 -15.750475 -15.824358 -16.319176 -16.384271 -16.586501
3.575797e+00 -14.296061 -15.363192 -15.609747 -15.774044 -15.870590 -16.434375 -16.433735 -16.535830
3.642363e+00 -14.538591 -15.419084 -15.647472 -15.880774 -15.948068 -16.537336 -16.377640 -16.543001
3.710167e+00 -14.681260 -15.531169 -15.757534 -15.969855 -16.103028 -16.535103 -16.602789 -16.615267
3.779234e+00 -14.841988 -15.618480 -15.819721 -16.034589 -16.198835 -16.558708 -16.612827 -16.647588
3.849587e+00 -14.932125 -15.689013 -15.878294 -16.082510 -16.197827 -16.666303 -16.508877 -16.764250
3.921249e+00 -15.017907 -15.754123 -15.950140 -16.139971 -16.282593 -16.726129 -16.683011 -16.636702
3.994245e+00 -15.200732 -15.805274 -16.025361 -16.210232 -16.366461 -16.799511 -16.747618 -16.801357
4.068600e+00 -15.273375 -15.877319 -16.047756 -16.281579 -16.418687 -16.820541 -16.743010 -16.901869
4.144339e+00 -15.362295 -15.964524 -16.131769 -16.342384 -16.539762 -16.892298 -16.772810 -16.937007
4.221489e+00 -15.458237 -16.007271 -16.187777 -16.401929 -16.602815 -16.941645 -16.780851 -16.929945
4.300074e+00 -15.556532 -16.058631 -16.239227 -16.486614 -16.674262 -16.951122 -16.857205 -17.075793
4.380122e+00 -15.622278 -16.147466 -16.310755 -16.563856 -16.770787 -17.010071 -16.915570 -17.030034
4.461660e+00 -15.736092 -16.204331 -16.366393 -16.612679 -16.834329 -17.054199 -16.988218 -17.029505
4.544717e+00 -15.821924 -16.242488 -16.431809 -16.664742 -16.888998 -17.084361 -16.989793 -17.089453
4.629319e+00 -15.898804 -16.326980 -16.479217 -16.743434 -16.976285 -17.153791 -17.097087 -17.135451
4.715496e+00 -15.960798 -16.376351 -16.531606 -16.809281 -17.042314 -17.163986 -17.069648 -17.153411
4.803278e+00 -16.068609 -16.438128 -16.579437 -16.860347 -17.099731 -17.218631 -17.098792 -17.163092
4.892694e+00 -16.154566 -16.509677 -16.655712 -16.926419 -17.207828 -17.204534 -17.206521 -17.213817
4.983774e+00 -16.253569 -16.553102 -16.709068 -16.981903 -17.240239 -17.257685 -17.194322 -17.313094
5.076549e+00 -16.313092 -16.598680 -16.758667 -17.038143 -17.309182 -17.294533 -17.134766 -17.296826
5.171052e+00 -16.390697 -16.681204 -16.806172 -17.096346 -17.367679 -17.354538 -17.328084 -17.390210
5.267314e+00 -16.502371 -16.725340 -16.849365 -17.144388 -17.433257 -17.343301 -17.346539 -17.393462
5.365368e+00 -16.569210 -16.776975 -16.919684 -17.208296 -17.465053 -17.406721 -17.386704 -17.373751
5.465247e+00 -16.639323 -16.819650 -16.966512 -17.261456 -17.535982 -17.403926 -17.384261 -17.430721
5.566986e+00 -16.733444 -16.896011 -17.012971 -17.330282 -17.595192 -17.440374 -17.429100 -17.498103
5.670618e+00 -16.823957 -16.938882 -17.069916 -17.382154 -17.631543 -17.505784 -17.471449 -17.515243
5.776180e+00 -16.884926 -17.013243 -17.125849 -17.426936 -17.716555 -17.529294 -17.512357 -17.581686
5.883707e+00 -16.962544 -17.066707 -17.161374 -17.473973 -17.752139 -17.568403 -17.550245 -17.539000
5.993235e+00 -17.026518 -17.107223 -17.217794 -17.524877 -17.799907 -17.640245 -17.576069 -17.636726
6.104802e+00 -17.091627 -17.146545 -17.261777 -17.572681 -17.838437 -17.604686 -17.624606 -17.682496
6.218447e+00 -17.156511 -17.201238 -17.313375 -17.624369 -17.887321 -17.646321 -17.660461 -17.649119
6.334206e+00 -17.212542 -17.252730 -17.367841 -17.675513 -17.934942 -17.696588 -17.695661 -17.745831
6.452121e+00 -17.279533 -17.309245 -17.404295 -17.717173 -17.987791 -17.716769 -17.751653 -17.755110
6.572231e+00 -17.353056 -17.362978 -17.443692 -17.760833 -18.025508 -17.732078 -17.775542 -17.768395
6.694577e+00 -17.407695 -17.406248 -17.495168 -17.817904 -18.064882 -17.779460 -17.777253 -17.774115
6.819200e+00 -17.470887 -17.450510 -17.540257 -17.864032 -18.127020 -17.830816 -17.826170 -17.854984
6.946143e+00 -17.527428 -17.504328 -17.586728 -17.903760 -18.157045 -17.855961 -17.855296 -17.893484
7.075449e+00 -17.580449 -17.542913 -17.630850 -17.946253 -18.220263 -17.880759 -17.896657 -17.915321
7.207162e+00 -17.630046 -17.593695 -17.672843 -17.996968 -18.250063 -17.926748 -17.958413 -17.949302
7.341328e+00 -17.665785 -17.644263 -17.701520 -18.027400 -18.290435 -17.949998 -17.983956 -17.962709
7.477991e+00 -17.721879 -17.684266 -17.747519 -18.073669 -18.333050 -17.981508 -18.000906 -18.001326
7.617197e+00 -17.773348 -17.729095 -17.796881 -18.114589 -18.378932 -18.012888 -18.052538 -18.024828
7.758996e+00 -17.820367 -17.775604 -17.840092 -18.154626 -18.414992 -18.061963 -18.086695 -18.047482
7.903434e+00 -17.862360 -17.821437 -17.882203 -18.188869 -18.453801 -18.090122 -18.101641 -18.095305
8.050560e+00 -17.915086 -17.868793 -17.919313 -18.226225 -18.488537 -18.119752 -18.135861 -18.105319
8.200426e+00 -17.949276 -17.909358 -17.949572 -18.261317 -18.526939 -18.147952 -18.178041 -18.154154
8.353081e+00 -17.988398 -17.954539 -17.990007 -18.304371 -18.573184 -18.171941 -18.186817 -18.206067
8.508579e+00 -18.027924 -17.993208 -18.035370 -18.345358 -18.607457 -18.218868 -18.255523 -18.202473
8.666970e+00 -18.073876 -18.041150 -18.064941 -18.376511 -18.638229 -18.233642 -18.275754 -18.267097
8.828311e+00 -18.107461 -18.080640 -18.105440 -18.403650 -18.669885 -18.261999 -18.263355 -18.268970
8.992655e+00 -18.139462 -18.121437 -18.145759 -18.437908 -18.708920 -18.287613 -18.309876 -18.313578
9.160058e+00 -18.169185 -18.161407 -18.181712 -18.472601 -18.748680 -18.322658 -18.342214 -18.337697
9.330577e+00 -18.207104 -18.202696 -18.227257 -18.511568 -18.776655 -18.353428 -18.377173 -18.370566
9.504271e+00 -18.241972 -18.244345 -18.250827 -18.541025 -18.813660 -18.366559 -18.387748 -18.404975
9.681198e+00 -18.268538 -18.287499 -18.292926 -18.572708 -18.851551 -18.397904 -18.428266 -18.419644
9.861419e+00 -18.302144 -18.319571 -18.328536 -18.600759 -18.880105 -18.428184 -18.457155 -18.435904
1.004499e+01 -18.332415 -18.360425 -18.363504 -18.631055 -18.907477 -18.458319 -18.476816 -18.476658
1.023199e+01 -18.349052 -18.395848 -18.397090 -18.659899 -18.936217 -18.479568 -18.492958 -18.502011
1.042246e+01 -18.381240 -18.435996 -18.431931 -18.691715 -18.971306 -18.502189 -18.503795 -18.518930
1.061648e+01 -18.403604 -18.467406 -18.467086 -18.718057 -19.004770 -18.512620 -18.548586 -18.510896
1.081411e+01 -18.427374 -18.508023 -18.502008 -18.746541 -19.028848 -18.544545 -18.563591 -18.572177
1.101542e+01 -18.448322 -18.542690 -18.539315 -18.773418 -19.057676 -18.565379 -18.592896 -18.602802
1.122048e+01 -18.466867 -18.576449 -18.572035 -18.799211 -19.083587 -18.580233 -18.614515 -18.612896
1.142936e+01 -18.488460 -18.609848 -18.601571 -18.818176 -19.108572 -18.605847 -18.646529 -18.649697
1.164212e+01 -18.508340 -18.643348 -18.638789 -18.845760 -19.135665 -18.615396 -18.643782 -18.653473
1.185885e+01 -18.525184 -18.675910 -18.669676 -18.871442 -19.157378 -18.639053 -18.658131 -18.693041
1.207960e+01 -18.537915 -18.702923 -18.702717 -18.893296 -19.184506 -18.651562 -18.689150 -18.700375
1.230447e+01 -18.546749 -18.730531 -18.731339 -18.909280 -19.205268 -18.656861 -18.702863 -18.728609
1.253353e+01 -18.556193 -18.760949 -18.768722 -18.938329 -19.223509 -18.684139 -18.722527 -18.745810
1.276685e+01 -18.564060 -18.788175 -18.792546 -18.954736 -19.244538 -18.693932 -18.739004 -18.773866
1.300451e+01 -18.572512 -18.811655 -18.823587 -18.976316 -19.262974 -18.703114 -18.746496 -18.802947
1.324659e+01 -18.578385 -18.836242 -18.851477 -18.991277 -19.280483 -18.718708 -18.754118 -18.815047
1.349319e+01 -18.578033 -18.863900 -18.878014 -19.008226 -19.300459 -18.730023 -18.772466 -18.816796
1.374437e+01 -18.580557 -18.885797 -18.904845 -19.029862 -19.317526 -18.740923 -18.779789 -18.838260
1.400023e+01 -18.576949 -18.909729 -18.930059 -19.043093 -19.333697 -18.742401 -18.799497 -18.842141
1.426085e+01 -18.576813 -18.930612 -18.955594 -19.059402 -19.347177 -18.751060 -18.809683 -18.867190
1.452632e+01 -18.568531 -18.949532 -18.978135 -19.070518 -19.360849 -18.762079 -18.815634 -18.868234
1.479674e+01 -18.557642 -18.971363 -19.003621 -19.089628 -19.370724 -18.762036 -18.826894 -18.885248
1.507219e+01 -18.556051 -18.984773 -19.025120 -19.101004 -19.385556 -18.776214 -18.837309 -18.899323
1.535277e+01 -18.546820 -19.000384 -19.043067 -19.116132 -19.393995 -18.777078 -18.836772 -18.903970
1.563857e+01 -18.532701 -19.018081 -19.063522 -19.127770 -19.405739 -18.772302 -18.841842 -18.906375
1.592969e+01 -18.515872 -19.035691 -19.085737 -19.138809 -19.413043 -18.771135 -18.844354 -18.915617
1.622623e+01 -18.503281 -19.047263 -19.105294 -19.148024 -19.417993 -18.772447 -18.849122 -18.936739
1.652829e+01 -18.491666 -19.060691 -19.123593 -19.160614 -19.423376 -18.772095 -18.859421 -18.929510
1.683597e+01 -18.468960 -19.069592 -19.138835 -19.169018 -19.425285 -18.767348 -18.856031 -18.938361
1.714938e+01 -18.452994 -19.080071 -19.155887 -19.175989 -19.426728 -18.756969 -18.853315 -18.952946
1.746862e+01 -18.433181 -19.088341 -19.171866 -19.184571 -19.425363 -18.760233 -18.854819 -18.929010
1.779381e+01 -18.407262 -19.096343 -19.186775 -19.191255 -19.426250 -18.745179 -18.849637 -18.935706
1.812505e+01 -18.390208 -19.100923 -19.199304 -19.197041 -19.418789 -18.742650 -18.841613 -18.955342
1.846246e+01 -18.373890 -19.105156 -19.208903 -19.197272 -19.407833 -18.744394 -18.861115 -18.946963
1.880615e+01 -18.348786 -19.108778 -19.219475 -19.199146 -19.397910 -18.730652 -18.834425 -18.934790
1.915624e+01 -18.324012 -19.105973 -19.228716 -19.204231 -19.385601 -18.709214 -18.838043 -18.937813
1.951284e+01 -18.297659 -19.102205 -19.236684 -19.204549 -19.368457 -18.701912 -18.823809 -18.937484
1.987608e+01 -18.273310 -19.100254 -19.245896 -19.199569 -19.356529 -18.697268 -18.830827 -18.941329
2.024609e+01 -18.244423 -19.094634 -19.247804 -19.201780 -19.345368 -18.678385 -18.805803 -18.931101
2.062298e+01 -18.213869 -19.084843 -19.253050 -19.197970 -19.335305 -18.657709 -18.815962 -18.936794
2.100689e+01 -18.180694 -19.075407 -19.257945 -19.191939 -19.317431 -18.651537 -18.795926 -18.927563
2.139794e+01 -18.141213 -19.058256 -19.255090 -19.182358 -19.305399 -18.634523 -18.797830 -18.901675
2.179628e+01 -18.097497 -19.038271 -19.253947 -19.172729 -19.284173 -18.622620 -18.781796 -18.893138
2.220203e+01 -18.039014 -19.012577 -19.251292 -19.159765 -19.265929 -18.596401 -18.778680 -18.889312
2.261533e+01 -17.982756 -18.986534 -19.245016 -19.145876 -19.237788 -18.587697 -18.773936 -18.907501
2.303633e+01 -17.916896 -18.952878 -19.234849 -19.125900 -19.213704 -18.568284 -18.758516 -18.890138
2.346516e+01 -17.839907 -18.916136 -19.229021 -19.110448 -19.182519 -18.551988 -18.756263 -18.873530
2.390198e+01 -17.755669 -18.872116 -19.216965 -19.092319 -19.158286 -18.533134 -18.756084 -18.873442
2.434692e+01 -17.655697 -18.821492 -19.199482 -19.067309 -19.124724 -18.507100 -18.755910 -18.881918
2.480016e+01 -17.549984 -18.771302 -19.184989 -19.048442 -19.097283 -18.505983 -18.777278 -18.863494
2.526182e+01 -17.437584 -18.710977 -19.160254 -19.018262 -19.068862 -18.490028 -18.773274 -18.864450
2.573209e+01 -17.315009 -18.649867 -19.138635 -18.996113 -19.041617 -18.476155 -18.778498 -18.857711
2.621110e+01 -17.175486 -18.582631 -19.113312 -18.968851 -19.018258 -18.456877 -18.804440 -18.858057
2.669904e+01 -17.029400 -18.511862 -19.081554 -18.939971 -18.996509 -18.450118 -18.833971 -18.864856
2.719605e+01 -16.885074 -18.442557 -19.050812 -18.909871 -18.976154 -18.431836 -18.844589 -18.880473
2.770232e+01 -16.724550 -18.367664 -19.018360 -18.880659 -18.957533 -18.421444 -18.866818 -18.890988
2.821802e+01 -16.569642 -18.289267 -18.980431 -18.848700 -18.941337 -18.389249 -18.904723 -18.913902
2.874331e+01 -16.402162 -18.211194 -18.938682 -18.818875 -18.919917 -18.371980 -18.931319 -18.935471
2.927838e+01 -16.215169 -18.130036 -18.900404 -18.785728 -18.907564 -18.357445 -18.962463 -18.946140
2.982342e+01 -16.021889 -18.045945 -18.854198 -18.758667 -18.893107 -18.333535 -18.981638 -18.971957
3.037860e+01 -15.826376 -17.958439 -18.813418 -18.729785 -18.884444 -18.311749 -19.028849 -18.995734
3.094411e+01 -15.613886 -17.867215 -18.762126 -18.701678 -18.874230 -18.304016 -19.063920 -19.027007
3.152015e+01 -15.393841 -17.776989 -18.717667 -18.679218 -18.864769 -18.271341 -19.091720 -19.044460
3.210692e+01 -15.180297 -17.685786 -18.669533 -18.656096 -18.861740 -18.257847 -19.118516 -19.057699
3.270460e+01 -14.962974 -17.595639 -18.620300 -18.636323 -18.851201 -18.252507 -19.145869 -19.082498
3.331342e+01 -14.759001 -17.507522 -18.573169 -18.624421 -18.851266 -18.241360 -19.168785 -19.108150
3.393357e+01 -14.565974 -17.416719 -18.520818 -18.605824 -18.846156 -18.235572 -19.191763 -19.122456
3.456526e+01 -14.412681 -17.331032 -18.476791 -18.593567 -18.838596 -18.230928 -19.208415 -19.143302
3.520871e+01 -14.262890 -17.244916 -18.423190 -18.583704 -18.833179 -18.234106 -19.219920 -19.160069
3.586414e+01 -14.148436 -17.163633 -18.374051 -18.570236 -18.829666 -18.237481 -19.230549 -19.160406
3.653177e+01 -14.060335 -17.079015 -18.329109 -18.558052 -18.823254 -18.235980 -19.242711 -19.165027
3.721183e+01 -13.931389 -17.000958 -18.278876 -18.543683 -18.812031 -18.229521 -19.244999 -19.183647
3.790455e+01 -13.826630 -16.923074 -18.236377 -18.528349 -18.806478 -18.236420 -19.240128 -19.184862
3.861016e+01 -13.745062 -16.854670 -18.185912 -18.509070 -18.796224 -18.229868 -19.236924 -19.186897
3.932891e+01 -13.662807 -16.782592 -18.138975 -18.489531 -18.785339 -18.232208 -19.220650 -19.178645
4.006104e+01 -13.565975 -16.713485 -18.090956 -18.468124 -18.771593 -18.222718 -19.212440 -19.172464
4.080680e+01 -13.458958 -16.649460 -18.046772 -18.442042 -18.760068 -18.211668 -19.195734 -19.154407
4.156644e+01 -13.375169 -16.595469 -17.996571 -18.412431 -18.744588 -18.204720 -19.177986 -19.147170
4.234022e+01 -13.291070 -16.540761 -17.954519 -18.380187 -18.726428 -18.183120 -19.148029 -19.132266
4.312841e+01 -13.186282 -16.487498 -17.903973 -18.344191 -18.711390 -18.161076 -19.123667 -19.093700
4.393126e+01 -13.111074 -16.442080 -17.863904 -18.305381 -18.693588 -18.139263 -19.101537 -19.072298
4.474907e+01 -12.990704 -16.394974 -17.817014 -18.265413 -18.669843 -18.103444 -19.072636 -19.045603
4.558210e+01 -12.884557 -16.350222 -17.772806 -18.221754 -18.639854 -18.069435 -19.033111 -19.026469
4.643063e+01 -12.760222 -16.315447 -17.728025 -18.172325 -18.615077 -18.034333 -18.996232 -18.982023
4.729496e+01 -12.649320 -16.276643 -17.679204 -18.128544 -18.584659 -17.992241 -18.958862 -18.935346
4.817539e+01 -12.540253 -16.234732 -17.633396 -18.075605 -18.550554 -17.942175 -18.921277 -18.899175
4.907220e+01 -12.390082 -16.200465 -17.589669 -18.027506 -18.522472 -17.882173 -18.878545 -18.843197
4.998570e+01 -12.260221 -16.167430 -17.543615 -17.975481 -18.486965 -17.815602 -18.823509 -18.790228
5.091621e+01 -12.116031 -16.125990 -17.497749 -17.921380 -18.449199 -17.746594 -18.782525 -18.734911
5.186405e+01 -12.017576 -16.087855 -17.450893 -17.865063 -18.412485 -17.656827 -18.735810 -18.694060
5.282952e+01 -11.837928 -16.054430 -17.405976 -17.808728 -18.373063 -17.574726 -18.676784 -18.630694
5.381298e+01 -11.700321 -16.013862 -17.357946 -17.755730 -18.332874 -17.462156 -18.627350 -18.571332
5.481473e+01 -11.516130 -15.969074 -17.305562 -17.701409 -18.291525 -17.355517 -18.563466 -18.523604
5.583514e+01 -11.315909 -15.927781 -17.257597 -17.643829 -18.248325 -17.244078 -18.507654 -18.463803
5.687454e+01 -11.181594 -15.882409 -17.206391 -17.587436 -18.213743 -17.127453 -18.462739 -18.417211
5.793329e+01 -10.997492 -15.837381 -17.154301 -17.526278 -18.176135 -17.032618 -18.405211 -18.376805
5.901175e+01 -10.791853 -15.788278 -17.093052 -17.464994 -18.147039 -16.947400 -18.344685 -18.332504
6.011029e+01 -10.648721 -15.741974 -17.036941 -17.405134 -18.109586 -16.864350 -18.280667 -18.309612
6.122927e+01 -10.426167 -15.693026 -16.975032 -17.346802 -18.081092 -16.785692 -18.222934 -18.285983
6.236909e+01 -10.331954 -15.640581 -16.912679 -17.286464 -18.054493 -16.730025 -18.154341 -18.264198
6.353012e+01 -10.184575 -15.590275 -16.852609 -17.232767 -18.024639 -16.667766 -18.096698 -18.261022
6.471277e+01 -9.978502 -15.530135 -16.795045 -17.189872 -17.996055 -16.619641 -18.016414 -18.277447
6.591744e+01 -9.838349 -15.480946 -16.730239 -17.139726 -17.966157 -16.572378 -17.945958 -18.295046
6.714452e+01 -9.717271 -15.415800 -16.678698 -17.096227 -17.933828 -16.522638 -17.874749 -18.320650
