time U B V R I J H K
5.000000e-01 inf inf inf inf inf inf inf inf
1.500000e+00 -12.197294 -12.146958 -12.745568 -13.182677 -13.649577 -14.306899 -14.394750 -14.905170
2.500000e+00 -13.651505 -14.290282 -14.793597 -15.092866 -15.099713 -15.784536 -15.993574 -16.087216
3.500000e+00 -15.867880 -15.882454 -16.050290 -16.259909 -16.548337 -16.536813 -16.235903 -16.340347
4.500000e+00 -16.917729 -16.644327 -16.743415 -16.974110 -17.216454 -16.846056 -16.769692 -16.623119
5.500000e+00 -17.543331 -17.174202 -17.240683 -17.450084 -17.711576 -17.111752 -17.125947 -16.827766
6.500000e+00 -17.986203 -17.578979 -17.608389 -17.822836 -18.087457 -17.370929 -17.283044 -17.113542
7.500000e+00 -18.381513 -17.939386 -17.947188 -18.126841 -18.344739 -17.633171 -17.440595 -17.307253
8.500000e+00 -18.700572 -18.204487 -18.202512 -18.356898 -18.513477 -17.788304 -17.555728 -17.438875
9.500000e+00 -18.936592 -18.430042 -18.412981 -18.529461 -18.633872 -17.916257 -17.579311 -17.565807
1.050000e+01 -19.125323 -18.623315 -18.586708 -18.672481 -18.758171 -17.984255 -17.595900 -17.513393
1.150000e+01 -19.263729 -18.778151 -18.738599 -18.788148 -18.871388 -18.041151 -17.632312 -17.476964
1.250000e+01 -19.368312 -18.901373 -18.862106 -18.877755 -18.946231 -18.088425 -17.579114 -17.495732
1.350000e+01 -19.438259 -18.998520 -18.970133 -18.945587 -19.005609 -18.077718 -17.575356 -17.442158
1.450000e+01 -19.481151 -19.081000 -19.059855 -18.989119 -19.050663 -18.063706 -17.525502 -17.360807
1.550000e+01 -19.492882 -19.143289 -19.136753 -19.030423 -19.089080 -18.043547 -17.450623 -17.315178
1.650000e+01 -19.483871 -19.191328 -19.188123 -19.051765 -19.125986 -17.999307 -17.357583 -17.145623
1.750000e+01 -19.453830 -19.221329 -19.234752 -19.074063 -19.160191 -17.911961 -17.333430 -17.144041
1.850000e+01 -19.385500 -19.231734 -19.260211 -19.082379 -19.178232 -17.880016 -17.311632 -16.958524
1.950000e+01 -19.296294 -19.235483 -19.278599 -19.080186 -19.198621 -17.801122 -17.241568 -16.935948
2.050000e+01 -19.180532 -19.229943 -19.293485 -19.076824 -19.215332 -17.766328 -17.207850 -16.830204
2.150000e+01 -19.062279 -19.213008 -19.293060 -19.062595 -19.221836 -17.672217 -17.203151 -16.799248
2.250000e+01 -18.934742 -19.186456 -19.285655 -19.042806 -19.229362 -17.667956 -17.206710 -16.819031
2.350000e+01 -18.801397 -19.151190 -19.266405 -19.016900 -19.235802 -17.590560 -17.227709 -16.861616
2.450000e+01 -18.674432 -19.103170 -19.242050 -18.984512 -19.228431 -17.578830 -17.288475 -16.926610
2.550000e+01 -18.539306 -19.041805 -19.203508 -18.940533 -19.222598 -17.542452 -17.374531 -17.065223
2.650000e+01 -18.407886 -18.973157 -19.158947 -18.893171 -19.185256 -17.494585 -17.468869 -17.191107
2.750000e+01 -18.250036 -18.880778 -19.107660 -18.838197 -19.143978 -17.444975 -17.633220 -17.319604
2.850000e+01 -18.091534 -18.777984 -19.048916 -18.777160 -19.088572 -17.431154 -17.795421 -17.497626
2.950000e+01 -17.916627 -18.655863 -18.988824 -18.711043 -19.035020 -17.409557 -18.004763 -17.689525
3.050000e+01 -17.753377 -18.539089 -18.923806 -18.653571 -18.986402 -17.393496 -18.173490 -17.868964
3.150000e+01 -17.577054 -18.415173 -18.861567 -18.597889 -18.932354 -17.418701 -18.320182 -18.037256
3.250000e+01 -17.371938 -18.291250 -18.795308 -18.556889 -18.886652 -17.441552 -18.446805 -18.182068
3.350000e+01 -17.170634 -18.161534 -18.733589 -18.524144 -18.854714 -17.520300 -18.544529 -18.281823
3.450000e+01 -16.936167 -18.029639 -18.668398 -18.506488 -18.823223 -17.594473 -18.645848 -18.408679
3.550000e+01 -16.693355 -17.890093 -18.597832 -18.496357 -18.802350 -17.662617 -18.720615 -18.468189
3.650000e+01 -16.445365 -17.761001 -18.538669 -18.491742 -18.791445 -17.755745 -18.778613 -18.545394
3.750000e+01 -16.227385 -17.634585 -18.477761 -18.493986 -18.790420 -17.818800 -18.839496 -18.601857
3.850000e+01 -16.018209 -17.512421 -18.424639 -18.487626 -18.788411 -17.860349 -18.871991 -18.635369
3.950000e+01 -15.819352 -17.392447 -18.361889 -18.483919 -18.783243 -17.916629 -18.891615 -18.692417
4.050000e+01 -15.639351 -17.295865 -18.309969 -18.472963 -18.781683 -17.944187 -18.892087 -18.706433
4.150000e+01 -15.460440 -17.195873 -18.252856 -18.455949 -18.777708 -17.967795 -18.893144 -18.710644
4.250000e+01 -15.306842 -17.105087 -18.197215 -18.435466 -18.757659 -17.977041 -18.909107 -18.744475
4.350000e+01 -15.141357 -17.023716 -18.134838 -18.412591 -18.746908 -17.987012 -18.882490 -18.729675
4.450000e+01 -15.011837 -16.943628 -18.080285 -18.380211 -18.727417 -17.988971 -18.862439 -18.712633
4.550000e+01 -14.875922 -16.871754 -18.030352 -18.351275 -18.702147 -18.000309 -18.857911 -18.713506
4.650000e+01 -14.714286 -16.796990 -17.979585 -18.310968 -18.675481 -17.987888 -18.849454 -18.691017
4.750000e+01 -14.614860 -16.737106 -17.920755 -18.261750 -18.645728 -17.964717 -18.817827 -18.684799
4.850000e+01 -14.458586 -16.673554 -17.869057 -18.215237 -18.611976 -17.941603 -18.801501 -18.631480
4.950000e+01 -14.372161 -16.629048 -17.819206 -18.169182 -18.574167 -17.910123 -18.770526 -18.587617
5.050000e+01 -14.234387 -16.582698 -17.770209 -18.122266 -18.540122 -17.871585 -18.729598 -18.568910
5.150000e+01 -14.099022 -16.533064 -17.724397 -18.067887 -18.496294 -17.833940 -18.703487 -18.517198
5.250000e+01 -13.945161 -16.493718 -17.679107 -18.018827 -18.456890 -17.762886 -18.673892 -18.480138
5.350000e+01 -13.864386 -16.463678 -17.628350 -17.969009 -18.405575 -17.710722 -18.648556 -18.433824
5.450000e+01 -13.732441 -16.425608 -17.586061 -17.909375 -18.369715 -17.646047 -18.611936 -18.414400
5.550000e+01 -13.581811 -16.388747 -17.545411 -17.858663 -18.321492 -17.573950 -18.583451 -18.346743
5.650000e+01 -13.467838 -16.353919 -17.503382 -17.816313 -18.280509 -17.470205 -18.542045 -18.317678
5.750000e+01 -13.347417 -16.311807 -17.464485 -17.771676 -18.241047 -17.388148 -18.511668 -18.259922
5.850000e+01 -13.201399 -16.287631 -17.430289 -17.727987 -18.205734 -17.289440 -18.465977 -18.219730
5.950000e+01 -13.039593 -16.249487 -17.397135 -17.683837 -18.163189 -17.216291 -18.440342 -18.183027
6.050000e+01 -12.870428 -16.212220 -17.360172 -17.633127 -18.125161 -17.115637 -18.401536 -18.099661
6.150000e+01 -12.698914 -16.182169 -17.324304 -17.593555 -18.091537 -17.022255 -18.362580 -18.087598
6.250000e+01 -12.562889 -16.146162 -17.291998 -17.550970 -18.057645 -16.960359 -18.339898 -18.039787
6.350000e+01 -12.440612 -16.111634 -17.256227 -17.503861 -18.026589 -16.891948 -18.306103 -18.029385
6.450000e+01 -12.204994 -16.070690 -17.221592 -17.469543 -18.004933 -16.821672 -18.275900 -17.990339
6.550000e+01 -12.074201 -16.022113 -17.185142 -17.425595 -17.967478 -16.752609 -18.203263 -17.951169
6.650000e+01 -11.844079 -16.003194 -17.150908 -17.390989 -17.944140 -16.686956 -18.157973 -17.983843
6.750000e+01 -11.776648 -15.947350 -17.108697 -17.342047 -17.913207 -16.635040 -18.134798 -17.946542
6.850000e+01 -11.562603 -15.912458 -17.070898 -17.303695 -17.880271 -16.592885 -18.099154 -17.959412
6.950000e+01 -11.473934 -15.867943 -17.025659 -17.263530 -17.857657 -16.544273 -18.050200 -17.908117
7.050000e+01 -11.316047 -15.821492 -16.982548 -17.223292 -17.831677 -16.499799 -17.999539 -17.885693
7.150000e+01 -11.137804 -15.777358 -16.945650 -17.190632 -17.801219 -16.469071 -17.976009 -17.889899
7.250000e+01 -11.064403 -15.731551 -16.889456 -17.155782 -17.774786 -16.425454 -17.928920 -17.920319
7.350000e+01 -10.923770 -15.684498 -16.839165 -17.120161 -17.744684 -16.420059 -17.895889 -17.897952
7.450000e+01 -10.834301 -15.634901 -16.798721 -17.087949 -17.724810 -16.391971 -17.830660 -17.890117
7.550000e+01 -10.536026 -15.587249 -16.757631 -17.064717 -17.700028 -16.387541 -17.801138 -17.887476
7.650000e+01 -10.511947 -15.511940 -16.710755 -17.036326 -17.680664 -16.391569 -17.745028 -17.933096
7.750000e+01 -10.385745 -15.470973 -16.654706 -17.007089 -17.647520 -16.389612 -17.675960 -17.935846
7.850000e+01 -10.218102 -15.403729 -16.620140 -16.991591 -17.624444 -16.389070 -17.634826 -17.940138
7.950000e+01 -10.095980 -15.341579 -16.569138 -16.961119 -17.599761 -16.412383 -17.583516 -17.950994
8.050000e+01 -10.083139 -15.276746 -16.518198 -16.949121 -17.578675 -16.413939 -17.553951 -17.951510
8.150000e+01 -9.809113 -15.208076 -16.478015 -16.920467 -17.549282 -16.434222 -17.504365 -17.948973
8.250000e+01 -9.757104 -15.122504 -16.422571 -16.903705 -17.529951 -16.463385 -17.410293 -17.959922
8.350000e+01 -9.628724 -15.061792 -16.377428 -16.875236 -17.499362 -16.499663 -17.380155 -17.916639
8.450000e+01 -9.657800 -14.967451 -16.324771 -16.864906 -17.482105 -16.536496 -17.354217 -17.891958
8.550000e+01 -9.219929 -14.882093 -16.264894 -16.839676 -17.465055 -16.564560 -17.314089 -17.872315
8.650000e+01 -9.333329 -14.769675 -16.230797 -16.821747 -17.444471 -16.620666 -17.271754 -17.845237
8.750000e+01 -9.157410 -14.671201 -16.167772 -16.796504 -17.420507 -16.658118 -17.252123 -17.832592
8.850000e+01 -8.919078 -14.576392 -16.130391 -16.779630 -17.392381 -16.702369 -17.202911 -17.791970
8.950000e+01 -8.526595 -14.483807 -16.064320 -16.749757 -17.377778 -16.763512 -17.158652 -17.763465
9.050000e+01 -8.352421 -14.368301 -16.031156 -16.736516 -17.359682 -16.812885 -17.095525 -17.748913
9.150000e+01 -8.352036 -14.266857 -15.968327 -16.712452 -17.347230 -16.860988 -17.085737 -17.725749
9.250000e+01 -8.616546 -14.149416 -15.918065 -16.683507 -17.316611 -16.902043 -17.065625 -17.688922
9.350000e+01 -8.453282 -14.044774 -15.861277 -16.655597 -17.294430 -16.961188 -17.024787 -17.656576
9.450000e+01 -8.512891 -13.925515 -15.815115 -16.634097 -17.289463 -17.008862 -16.951413 -17.644615
9.550000e+01 -7.737204 -13.799486 -15.770199 -16.608662 -17.262231 -17.046240 -16.966549 -17.590622
9.650000e+01 -7.818671 -13.718511 -15.710931 -16.575201 -17.238186 -17.080404 -16.898159 -17.570434
9.750000e+01 -7.115718 -13.625852 -15.670699 -16.543861 -17.219104 -17.137233 -16.875411 -17.525229
9.850000e+01 -7.154956 -13.499925 -15.620793 -16.520375 -17.215445 -17.161079 -16.843920 -17.525429
9.950000e+01 -7.563906 -13.387838 -15.553481 -16.497684 -17.195282 -17.192798 -16.800421 -17.477586
1.005000e+02 -6.862207 -13.270688 -15.511326 -16.461828 -17.166483 -17.230130 -16.758395 -17.456803
1.015000e+02 -6.607204 -13.190602 -15.468427 -16.426589 -17.140815 -17.249885 -16.715729 -17.462137
1.025000e+02 -6.771862 -13.070179 -15.409425 -16.399292 -17.123007 -17.275321 -16.709614 -17.392533
1.035000e+02 -5.643055 -12.950986 -15.351575 -16.362693 -17.102663 -17.284197 -16.662003 -17.380736
1.045000e+02 -6.357657 -12.848543 -15.307535 -16.336911 -17.092584 -17.304751 -16.625011 -17.356196
1.055000e+02 -5.794203 -12.721749 -15.253535 -16.309075 -17.070475 -17.319102 -16.599914 -17.330282
1.065000e+02 -6.498338 -12.639076 -15.198150 -16.269809 -17.059926 -17.345923 -16.563031 -17.309376
1.075000e+02 -6.743505 -12.467079 -15.150286 -16.246070 -17.029043 -17.360476 -16.506463 -17.295744
1.085000e+02 -5.244957 -12.370626 -15.100190 -16.204695 -17.023521 -17.366546 -16.499541 -17.280670
1.095000e+02 -6.201927 -12.275473 -15.036227 -16.177073 -17.003267 -17.375981 -16.464763 -17.267034
1.105000e+02 -6.046220 -12.119500 -14.962575 -16.143467 -16.987480 -17.372068 -16.422064 -17.222980
1.115000e+02 -4.956287 -11.998899 -14.920161 -16.116800 -16.983715 -17.392949 -16.399829 -17.179719
1.125000e+02 -5.462171 -11.870434 -14.842017 -16.075884 -16.962023 -17.383338 -16.391116 -17.155376
1.135000e+02 -4.245083 -11.771420 -14.777644 -16.040851 -16.941637 -17.402701 -16.378225 -17.125596
1.145000e+02 -3.319081 -11.610812 -14.702736 -16.002635 -16.929624 -17.398775 -16.333701 -17.130543
1.155000e+02 -1.561723 -11.534776 -14.628119 -15.965501 -16.918380 -17.392559 -16.275915 -17.100070
1.165000e+02 -4.339740 -11.360988 -14.564927 -15.929586 -16.906412 -17.379675 -16.271987 -17.069368
1.175000e+02 -5.211039 -11.218741 -14.488592 -15.886302 -16.885249 -17.394953 -16.216352 -17.053248
1.185000e+02 -3.300655 -11.123636 -14.415826 -15.854229 -16.880837 -17.389723 -16.205501 -17.021447
1.195000e+02 -3.491511 -11.039790 -14.345719 -15.810522 -16.853633 -17.383307 -16.215320 -17.044753
1.205000e+02 inf -10.939854 -14.280633 -15.761788 -16.848017 -17.380214 -16.174696 -16.986264
1.215000e+02 -3.456317 -10.810613 -14.202566 -15.728427 -16.821081 -17.367609 -16.196477 -16.924589
1.225000e+02 -4.474503 -10.735555 -14.144201 -15.685791 -16.807310 -17.356855 -16.173011 -16.939396
1.235000e+02 -4.958226 -10.566997 -14.077105 -15.648097 -16.785962 -17.354019 -16.132792 -16.904388
1.245000e+02 -0.332869 -10.578973 -14.001141 -15.602560 -16.777586 -17.334558 -16.115267 -16.886877
1.255000e+02 -3.698484 -10.489029 -13.947285 -15.560704 -16.747804 -17.292180 -16.145919 -16.873392
1.265000e+02 -4.532367 -10.431354 -13.869010 -15.523728 -16.727963 -17.279338 -16.110812 -16.832205
1.275000e+02 inf -10.350375 -13.843277 -15.467383 -16.703668 -17.257375 -16.069406 -16.822965
1.285000e+02 -3.416479 -10.296729 -13.778553 -15.434295 -16.676075 -17.232409 -16.062025 -16.845370
1.295000e+02 inf -10.258239 -13.731473 -15.396461 -16.655363 -17.208834 -16.064342 -16.801208
1.305000e+02 inf -10.064472 -13.648993 -15.340868 -16.612710 -17.187460 -16.041640 -16.752653
1.315000e+02 -5.220096 -10.197507 -13.621393 -15.309707 -16.594885 -17.171194 -16.033161 -16.740773
1.325000e+02 inf -10.185070 -13.536386 -15.271915 -16.570151 -17.134478 -16.014430 -16.720883
1.335000e+02 inf -10.034415 -13.498214 -15.237719 -16.529828 -17.122550 -16.002014 -16.684535
1.345000e+02 -4.795617 -10.029916 -13.431217 -15.184204 -16.497177 -17.084761 -15.993623 -16.664189
1.355000e+02 -3.561393 -9.817132 -13.416245 -15.152861 -16.457107 -17.068866 -15.960584 -16.673548
1.365000e+02 inf -9.825391 -13.362191 -15.117091 -16.438702 -17.050043 -15.947452 -16.642926
1.375000e+02 -3.418302 -9.875401 -13.291327 -15.073190 -16.412828 -17.027471 -15.922125 -16.637145
1.385000e+02 -4.512942 -9.890906 -13.279213 -15.033509 -16.378660 -17.013196 -15.875864 -16.636047
1.395000e+02 -5.349177 -9.733056 -13.239915 -14.998922 -16.344901 -16.999846 -15.883802 -16.559635
1.405000e+02 -1.205137 -9.891640 -13.194658 -14.978325 -16.324891 -16.985524 -15.830585 -16.555773
1.415000e+02 inf -9.812538 -13.189023 -14.935446 -16.298528 -16.956936 -15.830940 -16.513525
1.425000e+02 inf -9.745549 -13.113700 -14.915315 -16.274710 -16.950447 -15.805676 -16.502651
1.435000e+02 inf -9.720964 -13.112392 -14.880189 -16.252015 -16.939510 -15.733936 -16.488528
1.445000e+02 inf -9.736616 -13.074631 -14.859068 -16.226250 -16.921484 -15.703205 -16.427656
1.455000e+02 inf -9.802383 -13.040641 -14.842959 -16.215026 -16.911031 -15.690270 -16.423490
1.465000e+02 -4.655222 -9.643656 -13.030821 -14.825480 -16.198367 -16.885728 -15.652124 -16.436831
1.475000e+02 inf -9.765393 -13.018213 -14.797120 -16.168899 -16.874216 -15.635932 -16.382017
1.485000e+02 inf -9.593648 -12.985193 -14.785062 -16.148898 -16.858346 -15.638559 -16.357390
1.495000e+02 inf -9.582143 -12.956108 -14.744241 -16.132165 -16.857423 -15.583328 -16.360435
1.505000e+02 -1.119098 -9.562165 -12.934419 -14.747539 -16.127934 -16.819836 -15.549910 -16.334069
1.515000e+02 inf -9.601052 -12.913060 -14.713224 -16.103485 -16.823950 -15.579718 -16.267589
1.525000e+02 1.131264 -9.604669 -12.882483 -14.678811 -16.080318 -16.800768 -15.506458 -16.231063
1.535000e+02 inf -9.556253 -12.891830 -14.672307 -16.072338 -16.789963 -15.517877 -16.226011
1.545000e+02 -2.841766 -9.533895 -12.883663 -14.646814 -16.055853 -16.788963 -15.495005 -16.209166
1.555000e+02 1.164481 -9.493763 -12.816302 -14.625671 -16.037340 -16.765829 -15.480813 -16.179016
1.565000e+02 inf -9.488073 -12.791376 -14.596481 -16.023233 -16.764524 -15.443833 -16.132718
1.575000e+02 -3.069171 -9.445958 -12.785676 -14.584327 -15.994627 -16.761295 -15.445063 -16.141673
1.585000e+02 -0.997134 -9.536164 -12.749605 -14.540727 -15.987886 -16.736610 -15.408971 -16.138792
1.595000e+02 inf -9.503527 -12.745650 -14.540744 -15.973749 -16.727708 -15.439243 -16.122995
1.605000e+02 inf -9.408036 -12.716769 -14.516117 -15.941590 -16.719146 -15.408667 -16.087167
1.615000e+02 inf -9.403700 -12.705687 -14.497081 -15.921979 -16.704325 -15.399933 -16.047949
1.625000e+02 inf -9.466975 -12.685341 -14.479023 -15.915557 -16.685044 -15.409255 -16.007693
1.635000e+02 inf -9.491891 -12.616672 -14.454144 -15.895382 -16.676670 -15.408925 -15.986951
1.645000e+02 inf -9.398515 -12.621704 -14.427213 -15.877047 -16.662193 -15.349794 -15.982980
1.655000e+02 inf -9.307109 -12.586734 -14.400016 -15.859520 -16.651383 -15.367596 -15.977876
1.665000e+02 inf -9.390920 -12.567832 -14.378498 -15.847899 -16.633108 -15.367185 -15.984538
1.675000e+02 inf -9.270494 -12.514865 -14.370769 -15.841774 -16.620876 -15.306134 -15.949363
1.685000e+02 -2.941843 -9.380643 -12.533642 -14.333604 -15.810260 -16.608323 -15.335533 -15.916976
1.695000e+02 inf -9.257729 -12.500383 -14.308194 -15.787990 -16.607942 -15.257640 -15.923927
1.705000e+02 inf -9.367243 -12.537133 -14.301581 -15.778053 -16.590773 -15.284430 -15.908802
1.715000e+02 inf -9.353981 -12.447196 -14.266393 -15.762229 -16.576263 -15.274584 -15.874459
1.725000e+02 inf -9.246050 -12.434656 -14.248794 -15.752040 -16.561262 -15.232568 -15.853773
1.735000e+02 inf -9.259460 -12.376305 -14.226541 -15.738025 -16.560366 -15.279677 -15.801421
1.745000e+02 1.360896 -9.129661 -12.398753 -14.208289 -15.708743 -16.539761 -15.250539 -15.794874
1.755000e+02 inf -9.214362 -12.356851 -14.184749 -15.694912 -16.529542 -15.187749 -15.796947
1.765000e+02 1.368789 -9.274924 -12.337712 -14.162117 -15.680332 -16.528544 -15.190805 -15.778557
1.775000e+02 inf -9.197440 -12.299527 -14.132385 -15.665271 -16.510050 -15.239897 -15.733549
1.785000e+02 inf -9.104231 -12.265863 -14.129453 -15.661047 -16.499866 -15.195055 -15.699915
1.795000e+02 inf -9.261588 -12.285918 -14.107445 -15.635585 -16.495083 -15.239148 -15.675794
1.805000e+02 inf -9.191770 -12.242037 -14.077670 -15.630121 -16.481386 -15.256840 -15.683668
1.815000e+02 -3.897139 -9.292618 -12.253486 -14.062894 -15.592267 -16.477913 -15.177804 -15.642307
1.825000e+02 inf -9.210556 -12.236616 -14.035129 -15.596622 -16.465809 -15.213792 -15.646728
1.835000e+02 inf -9.143362 -12.193109 -14.026977 -15.561804 -16.449290 -15.204930 -15.590103
1.845000e+02 1.436820 -9.166645 -12.125897 -14.001141 -15.541271 -16.426367 -15.157414 -15.558599
1.855000e+02 -2.633438 -9.106572 -12.144282 -13.966399 -15.548528 -16.434158 -15.158047 -15.559198
1.865000e+02 inf -9.189103 -12.109667 -13.969302 -15.541881 -16.424479 -15.175070 -15.546535
1.875000e+02 inf -9.036346 -12.081236 -13.920409 -15.514488 -16.394155 -15.121050 -15.508596
1.885000e+02 inf -9.170706 -12.073208 -13.902426 -15.486252 -16.381793 -15.149920 -15.500198
1.895000e+02 -3.059795 -9.137376 -12.048252 -13.888879 -15.478093 -16.389817 -15.084906 -15.464497
1.905000e+02 -3.063284 -9.243469 -12.049264 -13.876807 -15.472468 -16.372250 -15.160987 -15.456877
1.915000e+02 1.506890 -9.123991 -11.987582 -13.839924 -15.455673 -16.357113 -15.156923 -15.423403
1.925000e+02 inf -9.126514 -12.009247 -13.826432 -15.454854 -16.348250 -15.118371 -15.406777
1.935000e+02 inf -9.042961 -12.002535 -13.807491 -15.425197 -16.333062 -15.108330 -15.417450
1.945000e+02 inf -9.161649 -11.945525 -13.769722 -15.406572 -16.309399 -15.091244 -15.364093
1.955000e+02 inf -9.042234 -11.923649 -13.744105 -15.397050 -16.308363 -15.113621 -15.364049
1.965000e+02 inf -9.143303 -11.903369 -13.740370 -15.390221 -16.285415 -15.101971 -15.325070
1.975000e+02 -0.616612 -8.942246 -11.869801 -13.711707 -15.375928 -16.295150 -15.070475 -15.255270
1.985000e+02 inf -8.989796 -11.853508 -13.711375 -15.368171 -16.265420 -15.056153 -15.284802
1.995000e+02 inf -9.064294 -11.840213 -13.667364 -15.350476 -16.257541 -15.060016 -15.272096
2.005000e+02 inf -9.046372 -11.834177 -13.640379 -15.329459 -16.252565 -15.115961 -15.237698
2.015000e+02 -3.640715 -8.936764 -11.810000 -13.633854 -15.306532 -16.241781 -15.083476 -15.201279
2.025000e+02 inf -9.004036 -11.774843 -13.592532 -15.299273 -16.205875 -15.072692 -15.227538
2.035000e+02 inf -9.037186 -11.794604 -13.594042 -15.283917 -16.200855 -15.058732 -15.189548
2.045000e+02 -2.861234 -8.951998 -11.716649 -13.544245 -15.257587 -16.187405 -14.983156 -15.169375
2.055000e+02 1.666479 -9.091900 -11.739299 -13.553518 -15.246280 -16.180104 -15.041461 -15.128159
2.065000e+02 inf -8.954767 -11.650669 -13.502036 -15.238472 -16.167749 -15.000385 -15.131983
2.075000e+02 -1.948825 -8.974936 -11.675462 -13.486552 -15.228174 -16.135309 -14.986926 -15.106457
2.085000e+02 inf -8.848872 -11.653472 -13.463542 -15.200226 -16.143043 -15.016503 -15.108869
2.095000e+02 -1.322505 -8.963987 -11.677338 -13.444927 -15.196035 -16.128815 -15.006296 -15.079246
2.105000e+02 inf -8.927629 -11.669488 -13.420946 -15.173086 -16.115313 -15.002097 -15.058363
2.115000e+02 inf -8.969518 -11.590245 -13.407346 -15.165970 -16.103430 -14.930241 -15.037518
2.125000e+02 0.610536 -8.873231 -11.615810 -13.379851 -15.145113 -16.099512 -14.941745 -15.074691
2.135000e+02 inf -8.849364 -11.580808 -13.376982 -15.128624 -16.087042 -14.952014 -15.018290
2.145000e+02 inf -9.001337 -11.576095 -13.346224 -15.120344 -16.057868 -14.959437 -15.038981
2.155000e+02 0.653311 -8.929278 -11.527048 -13.336818 -15.097786 -16.044299 -14.962108 -15.011248
2.165000e+02 inf -8.927409 -11.538748 -13.309093 -15.086272 -16.039599 -14.880644 -14.972971
2.175000e+02 inf -7.843721 -10.320680 -11.954260 -13.795620 -14.729377 -14.588930 -14.206881
2.185000e+02 inf inf -4.816561 -7.591037 4.417384 -9.588385 -12.625324 -10.339322
2.195000e+02 inf inf -3.598678 -6.933340 inf -8.305701 -11.096061 -9.518335
2.205000e+02 inf inf -3.547698 -6.398234 4.454439 -7.335590 -10.146464 -8.634578
2.215000e+02 inf inf -1.991475 -4.755729 inf -6.423200 -8.823198 -6.457488
2.225000e+02 inf inf inf inf inf -5.963479 -8.284783 inf
2.235000e+02 inf inf 0.873571 -3.422910 inf -5.386622 -8.265960 -3.605508
2.245000e+02 inf inf inf inf inf inf -6.362950 inf
2.255000e+02 inf inf inf inf inf inf -6.373090 inf
2.265000e+02 inf inf inf inf inf inf inf inf
2.275000e+02 inf inf inf inf inf inf inf inf
2.285000e+02 inf inf inf inf inf inf inf inf
2.295000e+02 inf inf inf inf inf inf inf inf
2.305000e+02 inf inf inf inf inf inf inf inf
2.315000e+02 inf inf inf inf inf inf inf inf
2.325000e+02 inf inf inf inf inf inf inf inf
2.335000e+02 inf inf inf inf inf inf inf inf
2.345000e+02 inf inf inf inf inf inf inf inf
2.355000e+02 inf inf inf inf inf inf inf inf
2.365000e+02 inf inf inf inf inf inf inf inf
2.375000e+02 inf inf inf inf inf inf inf inf
2.385000e+02 inf inf inf inf inf inf inf inf
2.395000e+02 inf inf inf inf inf inf inf inf
2.405000e+02 inf inf inf inf inf inf inf inf
2.415000e+02 inf inf inf inf inf inf inf inf
2.425000e+02 inf inf inf inf inf inf inf inf
2.435000e+02 inf inf inf inf inf inf inf inf
2.445000e+02 inf inf inf inf inf inf inf inf
2.455000e+02 inf inf inf inf inf inf inf inf
2.465000e+02 inf inf inf inf inf inf inf inf
2.475000e+02 inf inf inf inf inf inf inf inf
2.485000e+02 inf inf inf inf inf inf inf inf
2.495000e+02 inf inf inf inf inf inf inf inf
