time U B V R I J H K
2.018616e+00 -12.767719 -13.513618 -14.357497 -14.840328 -15.031096 -15.879366 -16.133632 -16.297869
2.056193e+00 -12.366305 -13.300823 -14.198741 -14.678440 -14.846501 -15.743935 -16.035713 -16.185750
2.094470e+00 -11.870955 -12.962939 -13.890734 -14.403438 -14.617007 -15.536651 -15.862765 -16.015891
2.133460e+00 -11.487739 -12.469998 -13.422723 -14.007609 -14.340080 -15.216170 -15.549118 -15.685569
2.173176e+00 -10.976219 -11.862244 -12.601361 -13.367704 -14.037219 -14.793522 -15.085951 -15.244555
2.213630e+00 -10.554861 -11.366907 -11.882814 -12.795951 -13.799854 -14.524060 -14.712963 -14.980147
2.254838e+00 -10.015234 -11.293871 -11.592842 -12.703838 -13.720546 -14.423625 -14.643257 -14.937683
2.296813e+00 -9.832118 -11.043739 -11.494281 -12.730722 -13.634479 -14.529334 -14.683176 -14.990565
2.339570e+00 -9.849321 -11.318234 -11.490903 -12.795500 -13.689321 -14.494251 -14.791845 -14.797874
2.383122e+00 -9.950984 -11.511191 -11.541852 -12.943024 -13.607776 -14.585782 -14.885710 -15.130793
2.427485e+00 -10.326909 -11.843045 -11.859995 -12.989811 -13.501344 -14.754590 -14.757078 -15.100286
2.472674e+00 -10.660820 -12.066731 -12.065330 -13.244904 -13.643086 -14.818894 -15.054443 -15.230379
2.518704e+00 -11.379851 -12.404207 -12.627985 -13.544717 -13.882661 -14.873287 -15.137470 -15.242014
2.565592e+00 -11.573990 -12.573517 -12.683758 -13.659732 -13.907109 -14.845940 -15.065407 -15.615188
2.613351e+00 -11.698385 -12.873597 -13.120652 -13.851323 -14.154558 -15.025949 -15.381523 -15.840388
2.662000e+00 -11.787587 -13.162192 -13.301536 -14.093291 -14.073598 -15.095080 -15.456356 -15.673659
2.711555e+00 -11.858807 -13.300769 -13.558942 -14.314887 -14.261740 -15.316535 -15.454593 -15.606700
2.762032e+00 -11.948876 -13.422290 -13.929744 -14.495706 -14.500995 -15.473368 -15.669319 -15.698408
2.813449e+00 -12.280366 -13.689614 -14.153668 -14.598357 -14.683897 -15.498725 -15.786556 -15.923012
2.865823e+00 -12.448452 -13.858915 -14.296326 -14.720918 -14.647431 -15.586031 -15.702423 -15.995023
2.919172e+00 -12.525496 -14.002569 -14.489314 -14.730752 -14.788072 -15.723970 -15.870349 -15.939233
2.973513e+00 -12.814987 -14.103572 -14.649011 -14.970774 -14.915944 -15.790021 -15.874940 -16.096344
3.028867e+00 -12.820619 -14.314916 -14.831545 -15.077819 -15.018915 -15.855251 -15.889471 -16.007440
3.085251e+00 -12.923940 -14.427671 -14.948941 -15.221554 -15.087233 -15.923735 -16.079582 -16.057004
3.142685e+00 -13.069133 -14.591298 -15.032183 -15.281136 -15.206687 -16.041859 -16.014857 -16.047372
3.201188e+00 -13.235919 -14.660668 -15.108413 -15.340341 -15.352851 -16.045298 -16.223039 -16.126892
3.260779e+00 -13.442345 -14.802315 -15.251658 -15.445137 -15.399143 -16.093853 -16.220239 -16.415320
3.321481e+00 -13.700926 -14.925047 -15.352097 -15.507344 -15.457953 -16.207680 -16.258100 -16.243084
3.383312e+00 -13.889806 -15.012648 -15.415747 -15.625288 -15.588249 -16.231287 -16.367462 -16.243502
3.446294e+00 -14.079022 -15.124934 -15.530494 -15.714842 -15.688790 -16.207431 -16.343810 -16.373069
3.510449e+00 -14.255315 -15.251517 -15.523141 -15.743049 -15.797516 -16.318046 -16.392486 -16.586259
3.575797e+00 -14.313233 -15.351799 -15.608303 -15.766522 -15.839551 -16.437314 -16.434796 -16.533370
3.642363e+00 -14.548626 -15.409172 -15.643845 -15.872548 -15.916916 -16.536912 -16.381435 -16.543015
3.710167e+00 -14.689369 -15.521854 -15.755022 -15.960011 -16.075590 -16.538389 -16.603672 -16.611264
3.779234e+00 -14.844732 -15.611962 -15.817896 -16.026047 -16.168381 -16.562343 -16.613664 -16.645046
3.849587e+00 -14.934211 -15.682180 -15.876863 -16.074361 -16.166181 -16.671151 -16.510269 -16.766271
3.921249e+00 -15.019286 -15.748655 -15.947378 -16.132609 -16.251123 -16.731245 -16.683732 -16.641682
3.994245e+00 -15.198988 -15.801188 -16.022919 -16.203107 -16.334709 -16.802384 -16.752917 -16.802313
4.068600e+00 -15.272014 -15.871762 -16.045443 -16.273189 -16.386242 -16.826393 -16.740804 -16.902699
4.144339e+00 -15.357681 -15.961832 -16.130187 -16.333516 -16.507963 -16.895798 -16.770691 -16.937807
4.221489e+00 -15.454884 -16.004594 -16.186611 -16.392323 -16.571149 -16.947576 -16.780632 -16.930097
4.300074e+00 -15.553984 -16.055561 -16.236785 -16.478811 -16.641070 -16.956228 -16.860235 -17.078479
4.380122e+00 -15.619112 -16.144901 -16.308361 -16.555127 -16.738531 -17.013536 -16.918617 -17.028990
4.461660e+00 -15.731892 -16.203701 -16.363489 -16.604298 -16.800260 -17.058214 -16.992347 -17.029231
4.544717e+00 -15.821491 -16.241090 -16.430396 -16.655435 -16.855900 -17.090071 -16.991451 -17.088314
4.629319e+00 -15.895684 -16.327121 -16.477498 -16.733611 -16.942497 -17.158162 -17.096869 -17.132532
4.715496e+00 -15.960641 -16.376114 -16.529385 -16.799725 -17.008123 -17.168498 -17.068037 -17.153329
4.803278e+00 -16.069059 -16.439785 -16.577564 -16.849738 -17.065186 -17.223699 -17.095596 -17.162771
4.892694e+00 -16.158039 -16.509686 -16.653268 -16.917465 -17.173520 -17.210925 -17.203590 -17.212986
4.983774e+00 -16.259797 -16.553226 -16.707026 -16.972685 -17.205607 -17.262834 -17.193825 -17.309479
5.076549e+00 -16.319698 -16.599368 -16.756521 -17.029105 -17.275088 -17.299367 -17.130929 -17.296983
5.171052e+00 -16.398146 -16.683053 -16.803697 -17.087826 -17.334071 -17.359048 -17.325453 -17.388382
5.267314e+00 -16.513659 -16.727232 -16.846761 -17.135354 -17.399006 -17.347498 -17.343177 -17.392966
5.365368e+00 -16.581073 -16.779053 -16.917213 -17.199781 -17.430655 -17.410782 -17.382492 -17.373547
5.465247e+00 -16.655632 -16.821388 -16.964181 -17.252172 -17.502105 -17.406938 -17.382017 -17.428768
5.566986e+00 -16.748956 -16.899020 -17.009422 -17.322320 -17.560343 -17.444363 -17.424561 -17.494591
5.670618e+00 -16.842217 -16.941797 -17.066707 -17.374088 -17.596516 -17.509751 -17.470177 -17.516091
5.776180e+00 -16.904223 -17.016369 -17.123388 -17.417983 -17.681804 -17.533106 -17.509192 -17.580161
5.883707e+00 -16.984948 -17.070209 -17.158438 -17.465257 -17.717057 -17.572025 -17.547290 -17.538876
5.993235e+00 -17.049172 -17.110421 -17.215522 -17.515852 -17.765630 -17.643501 -17.574460 -17.635449
6.104802e+00 -17.115544 -17.150056 -17.258576 -17.564488 -17.803570 -17.608603 -17.621116 -17.682102
6.218447e+00 -17.182721 -17.204740 -17.310500 -17.616262 -17.852625 -17.649321 -17.658931 -17.647579
6.334206e+00 -17.240067 -17.256003 -17.364890 -17.667389 -17.899732 -17.700900 -17.693030 -17.745672
6.452121e+00 -17.307653 -17.313012 -17.401350 -17.708675 -17.953029 -17.720256 -17.747690 -17.755857
6.572231e+00 -17.382781 -17.367016 -17.440848 -17.752123 -17.990604 -17.735921 -17.772444 -17.767005
6.694577e+00 -17.438832 -17.410448 -17.492159 -17.809329 -18.029808 -17.782636 -17.774580 -17.774095
6.819200e+00 -17.502568 -17.454725 -17.537384 -17.855283 -18.091789 -17.832936 -17.822732 -17.853684
6.946143e+00 -17.559429 -17.508620 -17.583904 -17.895547 -18.122059 -17.858683 -17.852159 -17.892421
7.075449e+00 -17.613456 -17.547242 -17.628042 -17.937701 -18.184871 -17.883786 -17.893087 -17.914782
7.207162e+00 -17.664208 -17.598018 -17.669633 -17.988825 -18.215198 -17.929320 -17.955116 -17.948250
7.341328e+00 -17.699924 -17.649247 -17.698390 -18.018735 -18.255279 -17.953143 -17.980229 -17.960485
7.477991e+00 -17.756987 -17.688738 -17.744094 -18.065572 -18.297778 -17.984816 -17.998151 -17.999899
7.617197e+00 -17.809354 -17.733748 -17.794101 -18.106121 -18.343764 -18.015890 -18.049261 -18.023603
7.758996e+00 -17.856215 -17.780525 -17.837163 -18.146491 -18.379623 -18.064415 -18.083237 -18.045434
7.903434e+00 -17.899328 -17.826107 -17.879715 -18.180321 -18.418484 -18.092354 -18.097494 -18.093952
8.050560e+00 -17.951991 -17.873255 -17.916844 -18.217845 -18.453346 -18.121847 -18.132252 -18.104517
8.200426e+00 -17.986637 -17.914237 -17.946673 -18.253134 -18.491627 -18.150363 -18.173964 -18.154891
8.353081e+00 -18.026135 -17.959221 -17.987249 -18.295789 -18.538018 -18.174818 -18.183678 -18.204372
8.508579e+00 -18.065880 -17.997881 -18.032290 -18.337456 -18.572104 -18.220853 -18.251645 -18.202401
8.666970e+00 -18.111623 -18.046092 -18.061920 -18.368721 -18.602604 -18.236226 -18.272531 -18.266493
8.828311e+00 -18.146065 -18.085535 -18.102840 -18.395776 -18.634171 -18.264846 -18.259744 -18.268123
8.992655e+00 -18.178433 -18.125890 -18.143581 -18.429858 -18.673421 -18.290136 -18.306397 -18.312881
9.160058e+00 -18.208243 -18.165928 -18.179250 -18.464924 -18.713053 -18.324237 -18.338165 -18.337087
9.330577e+00 -18.245590 -18.207015 -18.225010 -18.503989 -18.741003 -18.355292 -18.372794 -18.369501
9.504271e+00 -18.281150 -18.248773 -18.248220 -18.533674 -18.777826 -18.368193 -18.384672 -18.404608
9.681198e+00 -18.307414 -18.292096 -18.290657 -18.565311 -18.816013 -18.399646 -18.425021 -18.418742
9.861419e+00 -18.340890 -18.323826 -18.326434 -18.593707 -18.844182 -18.429827 -18.454170 -18.435910
1.004499e+01 -18.371141 -18.364705 -18.361369 -18.624379 -18.871298 -18.459664 -18.472979 -18.475843
1.023199e+01 -18.387568 -18.399918 -18.394913 -18.653541 -18.900077 -18.481424 -18.488849 -18.501821
1.042246e+01 -18.419449 -18.439984 -18.429843 -18.685434 -18.935061 -18.503195 -18.500810 -18.518207
1.061648e+01 -18.441783 -18.471132 -18.465058 -18.712087 -18.968205 -18.513991 -18.545326 -18.510226
1.081411e+01 -18.465123 -18.511581 -18.500229 -18.741010 -18.991881 -18.545566 -18.559936 -18.571658
1.101542e+01 -18.485870 -18.546158 -18.537662 -18.767991 -19.020725 -18.566515 -18.590068 -18.602169
1.122048e+01 -18.504292 -18.579768 -18.570347 -18.794302 -19.046270 -18.580887 -18.611436 -18.612256
1.142936e+01 -18.525356 -18.613059 -18.600347 -18.813262 -19.071363 -18.606493 -18.643529 -18.648507
1.164212e+01 -18.544869 -18.646368 -18.637644 -18.841413 -19.098071 -18.616140 -18.640055 -18.652087
1.185885e+01 -18.561160 -18.678762 -18.668487 -18.867454 -19.119565 -18.639677 -18.654648 -18.692498
1.207960e+01 -18.573574 -18.705534 -18.701573 -18.889975 -19.146288 -18.652542 -18.685537 -18.699610
1.230447e+01 -18.581514 -18.733029 -18.730579 -18.906026 -19.166850 -18.657914 -18.699485 -18.728215
1.253353e+01 -18.590369 -18.763433 -18.767720 -18.936024 -19.184842 -18.684828 -18.718960 -18.744989
1.276685e+01 -18.597817 -18.790324 -18.791772 -18.952669 -19.205448 -18.694503 -18.735614 -18.772930
1.300451e+01 -18.605525 -18.813587 -18.822792 -18.974753 -19.223757 -18.703762 -18.742596 -18.802467
1.324659e+01 -18.610753 -18.838009 -18.850862 -18.990210 -19.240823 -18.719906 -18.751062 -18.814101
1.349319e+01 -18.609127 -18.865658 -18.877503 -19.007638 -19.260431 -18.730309 -18.768452 -18.816589
1.374437e+01 -18.610634 -18.887308 -18.904295 -19.029812 -19.277128 -18.741533 -18.776073 -18.838067
1.400023e+01 -18.605968 -18.911165 -18.929653 -19.043564 -19.292900 -18.743517 -18.795941 -18.841391
1.426085e+01 -18.604781 -18.931830 -18.955325 -19.060271 -19.306066 -18.752056 -18.805956 -18.866844
1.452632e+01 -18.595380 -18.950579 -18.977940 -19.072014 -19.319158 -18.763197 -18.812384 -18.867340
1.479674e+01 -18.582584 -18.972304 -19.003358 -19.091638 -19.328824 -18.762680 -18.823379 -18.884344
1.507219e+01 -18.579782 -18.985576 -19.025024 -19.103363 -19.343371 -18.776936 -18.833703 -18.897656
1.535277e+01 -18.569160 -19.001006 -19.042759 -19.119238 -19.351270 -18.777510 -18.833376 -18.902904
1.563857e+01 -18.553605 -19.018664 -19.063233 -19.131325 -19.362546 -18.773406 -18.837964 -18.905519
1.592969e+01 -18.535086 -19.036012 -19.085442 -19.143037 -19.369514 -18.771743 -18.841023 -18.914873
1.622623e+01 -18.520791 -19.047422 -19.105131 -19.152757 -19.373921 -18.773178 -18.844845 -18.935695
1.652829e+01 -18.507157 -19.060876 -19.123265 -19.166087 -19.378762 -18.773249 -18.855516 -18.928477
1.683597e+01 -18.482610 -19.069542 -19.138449 -19.175089 -19.380373 -18.768144 -18.852167 -18.937950
1.714938e+01 -18.465166 -19.079729 -19.155584 -19.182527 -19.381385 -18.757702 -18.849254 -18.951644
1.746862e+01 -18.443322 -19.087785 -19.171461 -19.191905 -19.379564 -18.761480 -18.851314 -18.928136
1.779381e+01 -18.415793 -19.095474 -19.186448 -19.198957 -19.380016 -18.746663 -18.845645 -18.934671
1.812505e+01 -18.396991 -19.099846 -19.198864 -19.205423 -19.371987 -18.743760 -18.837786 -18.953821
1.846246e+01 -18.379188 -19.103932 -19.208467 -19.206415 -19.360679 -18.745616 -18.857148 -18.946132
1.880615e+01 -18.352617 -19.107047 -19.219071 -19.208722 -19.350346 -18.732367 -18.830352 -18.933778
1.915624e+01 -18.326079 -19.103915 -19.228117 -19.214497 -19.337248 -18.710737 -18.833555 -18.936610
1.951284e+01 -18.298546 -19.099833 -19.235977 -19.215703 -19.319637 -18.703636 -18.819113 -18.935466
1.987608e+01 -18.272902 -19.097410 -19.245323 -19.211250 -19.307560 -18.699324 -18.825474 -18.939605
2.024609e+01 -18.242993 -19.091477 -19.246958 -19.214000 -19.296148 -18.680078 -18.800744 -18.929228
2.062298e+01 -18.210997 -19.081024 -19.252319 -19.210569 -19.285569 -18.659390 -18.810819 -18.934675
2.100689e+01 -18.176311 -19.071016 -19.257217 -19.205231 -19.267458 -18.653406 -18.790633 -18.925829
2.139794e+01 -18.135714 -19.053378 -19.254295 -19.195965 -19.255361 -18.636822 -18.791873 -18.899479
2.179628e+01 -18.090814 -19.032640 -19.253105 -19.186840 -19.233705 -18.624824 -18.776129 -18.890891
2.220203e+01 -18.030988 -19.006103 -19.250505 -19.174181 -19.215408 -18.599333 -18.772481 -18.887324
2.261533e+01 -17.973595 -18.979171 -19.244214 -19.160848 -19.186957 -18.590368 -18.766958 -18.905082
2.303633e+01 -17.906941 -18.944394 -19.234203 -19.141107 -19.162350 -18.571612 -18.751873 -18.887319
2.346516e+01 -17.828895 -18.906392 -19.228373 -19.126029 -19.131143 -18.554980 -18.748495 -18.870947
2.390198e+01 -17.743707 -18.861031 -19.216423 -19.107910 -19.106991 -18.536787 -18.747991 -18.871276
2.434692e+01 -17.642915 -18.808932 -19.198915 -19.082997 -19.073063 -18.511217 -18.747114 -18.878844
2.480016e+01 -17.536595 -18.757075 -19.184434 -19.064050 -19.045910 -18.510744 -18.767240 -18.860301
2.526182e+01 -17.424602 -18.694925 -19.159782 -19.033522 -19.017528 -18.495166 -18.762804 -18.860087
2.573209e+01 -17.302212 -18.631750 -19.138085 -19.011224 -18.990601 -18.481784 -18.767175 -18.853563
2.621110e+01 -17.163261 -18.562362 -19.112842 -18.983239 -18.967601 -18.463256 -18.792655 -18.853989
2.669904e+01 -17.018153 -18.489062 -19.081010 -18.953985 -18.945839 -18.456941 -18.821683 -18.859656
2.719605e+01 -16.875216 -18.417305 -19.050374 -18.922944 -18.926008 -18.439530 -18.831480 -18.874864
2.770232e+01 -16.716186 -18.339821 -19.017803 -18.893272 -18.907507 -18.429211 -18.852990 -18.884854
2.821802e+01 -16.563573 -18.258751 -18.979878 -18.860266 -18.891735 -18.397666 -18.890710 -18.907002
2.874331e+01 -16.398879 -18.178089 -18.937888 -18.829407 -18.870750 -18.380800 -18.916512 -18.928399
2.927838e+01 -16.215164 -18.093782 -18.899717 -18.794943 -18.858950 -18.366953 -18.947128 -18.938578
2.982342e+01 -16.026655 -18.006809 -18.853069 -18.766612 -18.844977 -18.343597 -18.966363 -18.963282
3.037860e+01 -15.836912 -17.916461 -18.812069 -18.736230 -18.837152 -18.322260 -19.013203 -18.986389
3.094411e+01 -15.630048 -17.822498 -18.760271 -18.706429 -18.827839 -18.314834 -19.048011 -19.017457
3.152015e+01 -15.418139 -17.729396 -18.715287 -18.682473 -18.819035 -18.282808 -19.075741 -19.034803
3.210692e+01 -15.213203 -17.635461 -18.666591 -18.657624 -18.817256 -18.270073 -19.102674 -19.047351
3.270460e+01 -15.004568 -17.543381 -18.616652 -18.636028 -18.808084 -18.264576 -19.130563 -19.072339
3.331342e+01 -14.807213 -17.453237 -18.568544 -18.622346 -18.809760 -18.254444 -19.153642 -19.096937
3.393357e+01 -14.622220 -17.360788 -18.515364 -18.601990 -18.805827 -18.249010 -19.176830 -19.110938
3.456526e+01 -14.474734 -17.273954 -18.470384 -18.588148 -18.800119 -18.245072 -19.194052 -19.131962
3.520871e+01 -14.326366 -17.187132 -18.415466 -18.576775 -18.796257 -18.248494 -19.206036 -19.148223
3.586414e+01 -14.213761 -17.105076 -18.365250 -18.561747 -18.794673 -18.252069 -19.216688 -19.148163
3.653177e+01 -14.125161 -17.019938 -18.319100 -18.548625 -18.789409 -18.250918 -19.229658 -19.153056
3.721183e+01 -13.995435 -16.941359 -18.267664 -18.533360 -18.779611 -18.245222 -19.232127 -19.171363
3.790455e+01 -13.891898 -16.863144 -18.224005 -18.517264 -18.775339 -18.252688 -19.227728 -19.172393
3.861016e+01 -13.809924 -16.794624 -18.172459 -18.497189 -18.765851 -18.246308 -19.224832 -19.174569
3.932891e+01 -13.727316 -16.722437 -18.124411 -18.476995 -18.755951 -18.249327 -19.208695 -19.165792
4.006104e+01 -13.631394 -16.653039 -18.075332 -18.455294 -18.742951 -18.239765 -19.200949 -19.159610
4.080680e+01 -13.524340 -16.588571 -18.030487 -18.428727 -18.731837 -18.229756 -19.184319 -19.141527
4.156644e+01 -13.441438 -16.534933 -17.979473 -18.398802 -18.716470 -18.222912 -19.166824 -19.134179
4.234022e+01 -13.356008 -16.479828 -17.937023 -18.366253 -18.698520 -18.201905 -19.136991 -19.118901
4.312841e+01 -13.253429 -16.426247 -17.886158 -18.329770 -18.683745 -18.180182 -19.112605 -19.080088
4.393126e+01 -13.176471 -16.380804 -17.846110 -18.290626 -18.665824 -18.158663 -19.090842 -19.059167
4.474907e+01 -13.058591 -16.333022 -17.798980 -18.250394 -18.642183 -18.123339 -19.061526 -19.032095
4.558210e+01 -12.951258 -16.288352 -17.754816 -18.206496 -18.612246 -18.089713 -19.021965 -19.012901
4.643063e+01 -12.827130 -16.252863 -17.710564 -18.156658 -18.587381 -18.054590 -18.985043 -18.968370
4.729496e+01 -12.717496 -16.213772 -17.661774 -18.112628 -18.557021 -18.013059 -18.947392 -18.922037
4.817539e+01 -12.608929 -16.171326 -17.616375 -18.059337 -18.523035 -17.963503 -18.909470 -18.885857
4.907220e+01 -12.457667 -16.136449 -17.573153 -18.010693 -18.495282 -17.903490 -18.866458 -18.829671
4.998570e+01 -12.326959 -16.102678 -17.527633 -17.958282 -18.459925 -17.837745 -18.810754 -18.777069
5.091621e+01 -12.186060 -16.060616 -17.482187 -17.903788 -18.422226 -17.769131 -18.769287 -18.721276
5.186405e+01 -12.083580 -16.021694 -17.435931 -17.846850 -18.385885 -17.680547 -18.722161 -18.680174
5.282952e+01 -11.904107 -15.987506 -17.391703 -17.790042 -18.346609 -17.598616 -18.662574 -18.617221
5.381298e+01 -11.767578 -15.946063 -17.344026 -17.736316 -18.306908 -17.486830 -18.612683 -18.558274
5.481473e+01 -11.581863 -15.900225 -17.292087 -17.680998 -18.266006 -17.381343 -18.547737 -18.510658
5.583514e+01 -11.381240 -15.858056 -17.244726 -17.622066 -18.224008 -17.271020 -18.491136 -18.451409
5.687454e+01 -11.246660 -15.811805 -17.194077 -17.563915 -18.190155 -17.155262 -18.445687 -18.405382
5.793329e+01 -11.063147 -15.765863 -17.142640 -17.500809 -18.153016 -17.061071 -18.387289 -18.365930
5.901175e+01 -10.859079 -15.715907 -17.082129 -17.436766 -18.124708 -16.976927 -18.325742 -18.323188
6.011029e+01 -10.714383 -15.669056 -17.026488 -17.374571 -18.087533 -16.893629 -18.260770 -18.302053
6.122927e+01 -10.495374 -15.619984 -16.965124 -17.313194 -18.059481 -16.815957 -18.202648 -18.281149
6.236909e+01 -10.396266 -15.567110 -16.903207 -17.249847 -18.033047 -16.760181 -18.133573 -18.262979
6.353012e+01 -10.244704 -15.517039 -16.843222 -17.193515 -18.003519 -16.698079 -18.075454 -18.263955
6.471277e+01 -10.049873 -15.456737 -16.785224 -17.148725 -17.975000 -16.649894 -17.994437 -18.284548
6.591744e+01 -9.908351 -15.407928 -16.720074 -17.096381 -17.945285 -16.603131 -17.923187 -18.305984
6.714452e+01 -9.783813 -15.342913 -16.667893 -17.051610 -17.912677 -16.553911 -17.851173 -18.336233
