time U B V R I J H K
3.327280e-04 -4.609232 -4.616168 -5.397296 -5.990735 -6.731464 -7.038381 -7.583205 -7.928179
1.174150e-03 -4.487309 -4.529034 -5.346803 -5.960085 -6.717804 -7.042540 -7.593875 -7.947658
2.170890e-03 -4.384223 -4.458929 -5.308570 -5.937562 -6.709157 -7.051698 -7.612042 -7.969639
3.229110e-03 -4.297546 -4.401579 -5.276197 -5.920627 -6.703024 -7.062519 -7.630213 -7.996103
4.286130e-03 -4.239348 -4.363876 -5.256859 -5.911067 -6.701815 -7.074181 -7.648387 -8.021102
5.383420e-03 -4.222095 -4.350466 -5.246825 -5.899627 -6.689314 -7.064183 -7.644733 -8.025587
6.496340e-03 -4.139494 -4.283384 -5.197466 -5.859777 -6.661902 -7.061678 -7.657906 -8.049555
6.496700e-03 -4.139494 -4.283384 -5.197466 -5.859777 -6.661902 -7.061678 -7.657906 -8.049555
7.996580e-03 -4.081728 -4.243780 -5.174018 -5.847839 -6.659495 -7.078348 -7.684262 -8.084042
8.982460e-03 -4.053262 -4.224367 -5.162716 -5.842482 -6.659595 -7.090015 -7.701762 -8.106028
9.968340e-03 -4.025117 -4.205782 -5.153919 -5.840088 -6.663396 -7.104185 -7.719940 -8.128017
1.172030e-02 -3.981350 -4.178015 -5.141461 -5.835701 -6.668503 -7.125858 -7.751305 -8.167506
1.317990e-02 -3.946674 -4.154542 -5.130710 -5.834329 -6.673616 -7.145029 -7.776301 -8.197505
1.549210e-02 -3.897816 -4.123428 -5.117328 -5.833033 -6.683736 -7.173381 -7.815168 -8.244496
1.718280e-02 -3.863038 -4.101986 -5.108417 -5.832160 -6.690048 -7.195057 -7.843353 -8.278478
1.881140e-02 -3.822037 -4.074797 -5.094333 -5.826385 -6.692676 -7.211735 -7.868348 -8.308478
2.098290e-02 -3.763131 -4.033879 -5.073316 -5.817193 -6.694128 -7.232594 -7.899034 -8.345470
2.403320e-02 -3.672517 -3.973278 -5.041088 -5.803148 -6.695593 -7.260959 -7.938601 -8.394964
2.847270e-02 -3.531976 -3.876670 -4.986722 -5.774420 -6.689730 -7.293517 -7.989980 -8.460950
3.128260e-02 -3.433979 -3.810036 -4.947108 -5.753035 -6.683731 -7.311895 -8.018174 -8.497949
3.362990e-02 -3.342290 -3.744267 -4.909275 -5.729513 -6.671403 -7.321896 -8.037063 -8.524947
3.642710e-02 -3.214231 -3.652298 -4.850361 -5.692447 -6.653112 -7.331970 -8.058457 -8.554447
3.943990e-02 -3.053590 -3.534120 -4.773737 -5.641133 -6.624655 -7.337861 -8.079155 -8.583945
4.260850e-02 -2.859104 -3.387942 -4.674341 -5.573799 -6.584137 -7.337955 -8.093053 -8.607951
4.575730e-02 -2.643568 -3.222070 -4.559276 -5.492183 -6.529821 -7.328061 -8.096256 -8.617950
4.844060e-02 -2.446005 -3.069446 -4.448741 -5.409094 -6.471679 -7.306472 -8.087663 -8.614952
5.024030e-02 -2.311410 -2.961296 -4.367868 -5.348327 -6.425813 -7.284886 -8.073367 -8.604458
5.193150e-02 -2.183353 -2.859347 -4.289738 -5.286066 -6.377457 -7.259098 -8.053368 -8.589454
5.351940e-02 -2.062963 -2.760690 -4.213219 -5.224062 -6.326616 -7.230018 -8.031574 -8.569460
5.482490e-02 -1.965076 -2.679960 -4.147834 -5.170975 -6.283005 -7.201730 -8.009780 -8.553464
5.637240e-02 -1.846007 -2.582508 -4.069822 -5.104972 -6.227181 -7.167661 -7.982990 -8.530970
5.684910e-02 -1.810892 -2.551238 -4.045398 -5.084308 -6.209971 -7.155161 -7.975489 -8.525967
5.780240e-02 -1.736987 -2.490783 -3.994476 -5.041498 -6.173867 -7.131880 -7.958697 -8.512976
5.930140e-02 -1.620514 -2.393829 -3.916453 -4.974495 -6.116668 -7.097815 -7.932623 -8.497484
5.979450e-02 -1.582935 -2.362100 -3.889737 -4.953426 -6.099169 -7.085318 -7.925125 -8.491989
6.078070e-02 -1.506585 -2.300401 -3.838700 -4.910205 -6.063375 -7.063758 -7.910838 -8.483999
6.262060e-02 -1.367758 -2.184715 -3.746456 -4.833084 -5.998690 -7.025484 -7.886549 -8.468510
6.331780e-02 -1.317635 -2.143708 -3.713029 -4.805648 -5.976509 -7.013933 -7.877268 -8.465521
6.471230e-02 -1.217506 -2.061949 -3.649309 -4.752196 -5.931833 -6.988158 -7.862985 -8.457535
6.733200e-02 -1.033772 -1.914786 -3.533792 -4.659423 -5.857499 -6.948346 -7.837644 -8.444061
7.085130e-02 -0.793863 -1.724313 -3.386429 -4.541050 -5.763542 -6.898548 -7.809086 -8.428577
7.477820e-02 -0.529421 -1.516189 -3.228331 -4.417641 -5.665696 -6.847995 -7.775539 -8.407604
7.904140e-02 -0.264009 -1.305992 -3.068723 -4.292906 -5.566830 -6.793221 -7.737722 -8.379623
8.364160e-02 0.013806 -1.082385 -2.895983 -4.155088 -5.455517 -6.729208 -7.685952 -8.336641
8.705150e-02 0.231434 -0.903051 -2.757498 -4.044742 -5.363835 -6.672706 -7.638449 -8.291641
9.023880e-02 0.452944 -0.721013 -2.613411 -3.929679 -5.271138 -6.612952 -7.584180 -8.239141
9.351100e-02 0.697948 -0.518064 -2.452749 -3.799797 -5.163477 -6.542204 -7.519180 -8.178661
9.669580e-02 0.960313 -0.301350 -2.280662 -3.660903 -5.048351 -6.468211 -7.449912 -8.111160
9.750870e-02 1.028569 -0.243576 -2.233417 -3.623032 -5.016314 -6.447469 -7.432412 -8.093661
9.913450e-02 1.174026 -0.122948 -2.137044 -3.544751 -4.950761 -6.404225 -7.394909 -8.058181
1.019920e-01 1.439687 0.099358 -1.955353 -3.396386 -4.827197 -6.322744 -7.322407 -7.990681
1.029560e-01 1.532853 0.178351 -1.890602 -3.342778 -4.782684 -6.294504 -7.295644 -7.967702
1.048840e-01 1.726640 0.341493 -1.756226 -3.231588 -4.688685 -6.233027 -7.243142 -7.919723
1.087820e-01 2.139998 0.699002 -1.456774 -2.980827 -4.474754 -6.091862 -7.122850 -7.813770
1.098280e-01 2.254593 0.798020 -1.372228 -2.908535 -4.411803 -6.050406 -7.088592 -7.785794
1.121740e-01 2.498066 1.015079 -1.185600 -2.748140 -4.271912 -5.953952 -7.010070 -7.719846
1.128820e-01 2.582631 1.090042 -1.120108 -2.691438 -4.222465 -5.922503 -6.985813 -7.699374
1.142980e-01 2.759087 1.244977 -0.987578 -2.578085 -4.123587 -5.856057 -6.931555 -7.653902
1.171300e-01 3.131344 1.575295 -0.700523 -2.333738 -3.910899 -5.714256 -6.817792 -7.564523
1.227920e-01 4.012259 2.354696 -0.029798 -1.761225 -3.412057 -5.387580 -6.564591 -7.365807
1.243800e-01 4.276849 2.592504 0.177626 -1.583179 -3.256507 -5.286604 -6.486880 -7.307386
1.275560e-01 4.835875 3.102738 0.623245 -1.202895 -2.923750 -5.072920 -6.327263 -7.186695
1.287080e-01 5.181155 3.440064 0.932559 -0.945367 -2.707137 -4.957313 -6.255364 -7.137838
1.310120e-01 5.602030 3.836694 1.282151 -0.646868 -2.445854 -4.790163 -6.130058 -7.045596
1.315720e-01 5.702814 3.931035 1.367163 -0.573133 -2.380742 -4.750684 -6.100842 -7.022650
1.326900e-01 5.900217 4.120955 1.538612 -0.426776 -2.253924 -4.668066 -6.038210 -6.976760
1.349270e-01 6.292384 4.501770 1.880120 -0.134889 -1.997026 -4.506023 -5.917179 -6.884991
1.380590e-01 6.827689 5.027852 2.357407 0.273264 -1.637795 -4.276496 -5.747787 -6.757363
1.381140e-01 6.835191 5.035353 2.364781 0.279609 -1.631968 -4.273996 -5.745287 -6.754861
1.420740e-01 7.298862 5.502494 2.810656 0.684244 -1.261252 -4.015223 -5.545092 -6.599763
1.429040e-01 7.405324 5.609754 2.913039 0.776975 -1.176314 -3.958362 -5.500908 -6.566402
1.445630e-01 7.606633 5.814331 3.110219 0.954861 -1.013969 -3.845283 -5.414195 -6.497619
1.479310e-01 7.978399 6.194256 3.477080 1.291114 -0.702578 -3.627911 -5.244990 -6.367997
1.514770e-01 8.359278 6.592385 3.863867 1.644268 -0.375486 -3.396914 -5.067508 -6.230480
1.560660e-01 8.996895 7.291157 4.538359 2.248480 0.174162 -3.035625 -4.797686 -6.026748
1.561200e-01 9.003232 7.298657 4.545858 2.254723 0.179158 -3.032544 -4.795185 -6.023844
1.585670e-01 9.252401 7.607733 4.852680 2.537711 0.440197 -2.851028 -4.657842 -5.919306
1.626810e-01 9.520344 8.057016 5.306844 2.963484 0.840129 -2.567315 -4.438168 -5.751481
1.668920e-01 9.645624 8.502508 5.769714 3.402773 1.254945 -2.273177 -4.211990 -5.578303
1.711900e-01 9.590748 8.936363 6.238933 3.851423 1.679640 -1.971144 -3.980040 -5.400174
1.733620e-01 9.550944 9.217218 6.555741 4.151556 1.960314 -1.781904 -3.841377 -5.296128
1.777100e-01 9.357221 9.758787 7.226784 4.791693 2.559618 -1.391560 -3.555818 -5.084437
1.822760e-01 8.276216 9.738603 7.855104 5.490952 3.261208 -0.884641 -3.192136 -4.831000
1.864730e-01 7.862271 9.804204 8.297222 5.938353 3.699583 -0.539836 -2.909814 -4.593822
1.912420e-01 7.355496 9.656802 8.780561 6.443060 4.196097 -0.148715 -2.590515 -4.333102
1.961830e-01 6.812676 9.303048 9.255261 6.967041 4.716249 0.256792 -2.266388 -4.074589
2.032070e-01 6.172339 8.768351 10.176762 8.150230 5.886107 1.048874 -1.681271 -3.634937
2.032500e-01 6.168130 8.764249 10.181299 8.156580 5.893607 1.053877 -1.677305 -3.632437
2.081320e-01 5.697513 8.288611 10.436562 8.768135 6.519926 1.494643 -1.344426 -3.378489
2.114220e-01 5.396553 7.974959 10.494094 9.181889 6.957450 1.802349 -1.110040 -3.203081
2.191310e-01 4.654307 7.173312 10.144094 9.920916 7.860582 2.476988 -0.591382 -2.807121
2.241870e-01 4.231968 6.715599 9.797664 10.407848 8.685521 3.042595 -0.177288 -2.504777
2.298440e-01 3.751662 6.189213 9.285510 10.623167 9.787422 3.746899 0.310369 -2.153938
2.298450e-01 3.751662 6.189213 9.285510 10.623167 9.787422 3.746899 0.310369 -2.153938
2.298450e-01 3.946755 6.284884 8.857946 10.102525 9.579848 4.012946 0.519665 -1.977514
2.298480e-01 3.951037 6.289765 8.862025 10.105360 9.584849 4.017947 0.524667 -1.972516
2.299050e-01 3.936843 6.264636 8.812134 10.064888 9.584905 4.033585 0.530990 -1.972233
2.383050e-01 3.069643 5.265600 7.721896 9.331657 10.413768 4.876798 1.166221 -1.498113
2.479920e-01 2.117147 4.226458 6.639392 8.323299 10.552124 5.971072 1.955000 -0.924781
2.544000e-01 1.446595 3.497432 5.849287 7.525657 10.035090 6.744484 2.458487 -0.571868
2.582430e-01 1.028456 3.040768 5.353357 7.018675 9.593726 7.221343 2.755612 -0.363549
2.628310e-01 0.514351 2.483060 4.745167 6.390590 8.994976 7.817808 3.118086 -0.109647
2.671010e-01 0.047605 1.978423 4.197200 5.827277 8.434198 8.351583 3.461597 0.133684
2.671020e-01 0.047605 1.977537 4.197198 5.826847 8.432019 8.351583 3.461597 0.133684
2.671210e-01 0.045104 1.975925 4.194698 5.824381 8.431698 8.354085 3.462688 0.135964
2.677890e-01 -0.027073 1.896163 4.109547 5.736845 8.342019 8.435388 3.515954 0.174121
2.722320e-01 -0.505031 1.378159 3.545931 5.155928 7.540822 9.108672 3.955829 0.485673
2.755910e-01 -0.881088 0.975677 3.109140 4.695582 7.056987 9.508554 4.208880 0.670243
2.800690e-01 -1.370213 0.455206 2.530351 4.068022 6.352693 9.929691 4.519117 0.905165
2.820990e-01 -1.552963 0.261374 2.319272 3.842493 6.100848 10.151976 4.688113 1.031355
2.865670e-01 -1.937517 -0.144431 1.856315 3.325400 5.488914 10.422795 5.006878 1.278693
2.898760e-01 -2.177277 -0.397517 1.570911 3.004894 5.115092 10.574202 5.273466 1.485401
2.939980e-01 -2.442058 -0.678315 1.236941 2.619706 4.638077 10.536530 5.582354 1.727451
2.939980e-01 -2.442058 -0.678315 1.236759 2.617721 4.638077 10.536530 5.582354 1.727451
2.939990e-01 -2.442516 -0.679878 1.236105 2.617665 4.636085 10.535175 5.582354 1.727451
2.940060e-01 -2.442516 -0.679883 1.234443 2.617149 4.633076 10.531542 5.583294 1.727634
2.941730e-01 -2.447517 -0.686205 1.222026 2.594575 4.575325 10.470876 5.616106 1.747815
2.972100e-01 -2.610409 -0.860581 1.004137 2.330768 4.216927 10.328013 5.874738 1.947133
2.999490e-01 -2.746270 -1.007725 0.822028 2.110955 3.940565 10.186970 6.093644 2.125879
3.024010e-01 -2.856676 -1.128557 0.665388 1.924293 3.710279 10.038669 6.296580 2.287107
3.042400e-01 -2.936099 -1.215354 0.554525 1.790474 3.548595 9.921832 6.456968 2.415472
3.127950e-01 -3.270255 -1.585259 0.093641 1.243551 2.887536 8.595150 7.220282 3.058622
3.153030e-01 -3.360694 -1.687269 -0.041339 1.083839 2.696545 8.391953 7.470498 3.250205
3.202620e-01 -3.531538 -1.884306 -0.301895 0.776700 2.327557 7.958070 7.996251 3.650923
3.258080e-01 -3.711970 -2.085336 -0.563777 0.464913 1.956545 7.526852 8.213768 4.163467
3.263640e-01 -3.729957 -2.106793 -0.592683 0.433532 1.917831 7.476857 8.270060 4.208885
3.271260e-01 -3.754945 -2.136958 -0.630361 0.387703 1.864111 7.406856 8.346303 4.272072
3.280770e-01 -3.785927 -2.173667 -0.678976 0.333078 1.797888 7.321066 8.436146 4.350249
3.302180e-01 -3.855912 -2.254769 -0.785794 0.206844 1.647313 7.121971 8.616641 4.524085
3.325430e-01 -3.933905 -2.344697 -0.902116 0.070473 1.484208 6.904569 8.775116 4.708277
3.348610e-01 -4.009409 -2.433153 -1.017456 -0.061517 1.325449 6.691345 8.894678 4.889797
3.365510e-01 -4.062922 -2.497633 -1.099658 -0.158368 1.210420 6.535601 8.952539 5.021032
3.397440e-01 -4.166463 -2.618178 -1.255612 -0.336331 0.998454 6.245697 9.011359 5.273073
3.422870e-01 -4.249026 -2.715514 -1.379104 -0.475982 0.831434 6.014074 8.995421 5.469585
3.448310e-01 -4.331613 -2.811903 -1.501170 -0.616802 0.667517 5.784086 8.934290 5.666051
3.473740e-01 -4.415217 -2.910581 -1.624730 -0.755264 0.503559 5.552392 8.825997 5.857478
3.510380e-01 -4.524368 -3.041206 -1.792332 -0.938292 0.307229 5.342414 8.611408 6.073856
3.529260e-01 -4.588022 -3.118414 -1.886684 -1.043377 0.184560 5.164050 8.472984 6.206924
3.568640e-01 -4.732916 -3.290775 -2.095929 -1.274464 -0.088558 4.739619 8.067092 6.455780
3.603380e-01 -4.861877 -3.444060 -2.277917 -1.473952 -0.320450 4.386692 7.699842 6.680016
3.649900e-01 -5.057611 -3.669782 -2.534485 -1.751977 -0.651716 3.815033 7.009322 6.921898
3.659900e-01 -5.095769 -3.713908 -2.584299 -1.805603 -0.715646 3.717288 6.897139 6.979836
3.696600e-01 -5.251321 -3.887637 -2.776559 -2.013799 -0.964321 3.293688 6.371366 7.126958
3.704910e-01 -5.285994 -3.926479 -2.818592 -2.057330 -1.016517 3.208349 6.269837 7.157155
3.724940e-01 -5.369305 -4.018420 -2.918719 -2.165288 -1.145940 2.992265 6.000824 7.204456
3.740570e-01 -5.433990 -4.088604 -2.993844 -2.247248 -1.242907 2.830512 5.803588 7.224752
3.750980e-01 -5.476620 -4.134953 -3.043677 -2.301561 -1.307656 2.724122 5.668617 7.225407
3.764000e-01 -5.531316 -4.192753 -3.103992 -2.366780 -1.387416 2.593249 5.507930 7.212022
3.774410e-01 -5.573378 -4.236894 -3.152088 -2.420481 -1.452188 2.485816 5.372482 7.181906
3.817390e-01 -5.746298 -4.418873 -3.347227 -2.637070 -1.730266 1.983132 4.696034 6.787401
3.829670e-01 -5.791873 -4.467435 -3.399405 -2.696473 -1.801681 1.860491 4.537307 6.658985
3.854230e-01 -5.882017 -4.560552 -3.499892 -2.809813 -1.948007 1.606962 4.202986 6.304663
3.899490e-01 -6.033656 -4.716410 -3.675104 -3.015943 -2.218407 1.117775 3.522678 5.412871
3.946180e-01 -6.169385 -4.859043 -3.840722 -3.215730 -2.484961 0.639084 2.840687 4.432092
4.008040e-01 -6.327618 -5.026938 -4.040729 -3.456215 -2.796031 0.119246 2.098907 3.294140
4.013400e-01 -6.340117 -5.039449 -4.055625 -3.475618 -2.822751 0.075588 2.039141 3.207230
4.020240e-01 -6.355118 -5.056133 -4.078014 -3.501838 -2.856108 0.019609 1.958582 3.087814
4.028550e-01 -6.374691 -5.076459 -4.102922 -3.532290 -2.897837 -0.047552 1.858895 2.937814
4.045170e-01 -6.410275 -5.114624 -4.152613 -3.594009 -2.978809 -0.185759 1.648787 2.625901
4.078130e-01 -6.475434 -5.187528 -4.248574 -3.716713 -3.140074 -0.467394 1.209544 2.020461
4.119660e-01 -6.549270 -5.274711 -4.370406 -3.869233 -3.339870 -0.821640 0.654653 1.328903
4.129280e-01 -6.566770 -5.293922 -4.395679 -3.901434 -3.381668 -0.891558 0.550606 1.205196
4.138900e-01 -6.584436 -5.314271 -4.423025 -3.935448 -3.425971 -0.962763 0.445459 1.078988
4.151720e-01 -6.605025 -5.339875 -4.457896 -3.978589 -3.481184 -1.056465 0.301129 0.907164
4.194780e-01 -6.677447 -5.424972 -4.577477 -4.125109 -3.666903 -1.367820 -0.179008 0.349151
4.200870e-01 -6.687870 -5.431492 -4.568058 -4.103524 -3.632568 -1.317785 -0.088108 0.041888
4.215280e-01 -6.710541 -5.459949 -4.607950 -4.151917 -3.695324 -1.422904 -0.246892 -0.132848
4.241310e-01 -6.753398 -5.512670 -4.680590 -4.241512 -3.805869 -1.617011 -0.531265 -0.429866
4.249920e-01 -6.768995 -5.531911 -4.705540 -4.270364 -3.841798 -1.678388 -0.618046 -0.518506
4.249930e-01 -6.768995 -5.531911 -4.705540 -4.270364 -3.841798 -1.678388 -0.618046 -0.518506
4.251210e-01 -6.771076 -5.534412 -4.708051 -4.273804 -3.847729 -1.685885 -0.631147 -0.531576
4.261150e-01 -6.786677 -5.553671 -4.735450 -4.307477 -3.887093 -1.753577 -0.728543 -0.630224
4.270890e-01 -6.803761 -5.574315 -4.762917 -4.339770 -3.928028 -1.821290 -0.823459 -0.726373
4.290350e-01 -6.837652 -5.616437 -4.817789 -4.404838 -4.006780 -1.957966 -1.014614 -0.914844
4.298220e-01 -6.850756 -5.633191 -4.839904 -4.429459 -4.038663 -2.011920 -1.088340 -0.986012
4.306080e-01 -6.865342 -5.649951 -4.862370 -4.455629 -4.069607 -2.063388 -1.159572 -1.055268
4.316560e-01 -6.883447 -5.672055 -4.892337 -4.489536 -4.111498 -2.134868 -1.258302 -1.147037
4.337540e-01 -6.923838 -5.719199 -4.952240 -4.559864 -4.197799 -2.279387 -1.455156 -1.330001
4.345480e-01 -6.938836 -5.737018 -4.972627 -4.584496 -4.228752 -2.332074 -1.525152 -1.393695
4.356070e-01 -6.959035 -5.761292 -5.002969 -4.620702 -4.270664 -2.402465 -1.620143 -1.478598
4.388450e-01 -7.026940 -5.838065 -5.097552 -4.725743 -4.398929 -2.629010 -1.924498 -1.742169
4.395630e-01 -7.042552 -5.855580 -5.117535 -4.749445 -4.427394 -2.676754 -1.983876 -1.795895
4.412840e-01 -7.077760 -5.896283 -5.165401 -4.804376 -4.492800 -2.788901 -2.130737 -1.921483
4.452480e-01 -7.168179 -5.995236 -5.280757 -4.934779 -4.650609 -3.063718 -2.495124 -2.232135
4.464610e-01 -7.195681 -6.024531 -5.315750 -4.973734 -4.696588 -3.141853 -2.594505 -2.319041
4.488850e-01 -7.250894 -6.084206 -5.385756 -5.052229 -4.789019 -3.302115 -2.802039 -2.496031
4.535750e-01 -7.361730 -6.204280 -5.523278 -5.206212 -4.970980 -3.617984 -3.217079 -2.867010
4.538580e-01 -7.367351 -6.211778 -5.530778 -5.213976 -4.981981 -3.635887 -3.239575 -2.887009
4.556030e-01 -7.405254 -6.249655 -5.573668 -5.262748 -5.036484 -3.717750 -3.337681 -3.068982
4.570160e-01 -7.437753 -6.283968 -5.613679 -5.306744 -5.087491 -3.799628 -3.440174 -3.170226
4.584280e-01 -7.470473 -6.319348 -5.653318 -5.349015 -5.137002 -3.880485 -3.542670 -3.271472
4.617940e-01 -7.546320 -6.403001 -5.750850 -5.457081 -5.261044 -4.077719 -3.798264 -3.530222
4.669660e-01 -7.664275 -6.532794 -5.901310 -5.622221 -5.447147 -4.372585 -4.180684 -3.938351
4.676660e-01 -7.679505 -6.550310 -5.921327 -5.644746 -5.470669 -4.408091 -4.225682 -3.985850
4.688670e-01 -7.705134 -6.579644 -5.955958 -5.681026 -5.511692 -4.468602 -4.301292 -4.065850
4.700680e-01 -7.732239 -6.608966 -5.988867 -5.717310 -5.552717 -4.528129 -4.376903 -4.145848
4.740360e-01 -7.816873 -6.705542 -6.101047 -5.837665 -5.685802 -4.726784 -4.628120 -4.423972
4.792080e-01 -7.924714 -6.829398 -6.246541 -5.995588 -5.858467 -4.976128 -4.948707 -4.794628
4.801240e-01 -7.942463 -6.849796 -6.271179 -6.021629 -5.887005 -5.015167 -4.999325 -4.851511
4.823220e-01 -7.985857 -6.900625 -6.328735 -6.083948 -5.955544 -5.109793 -5.117440 -4.987170
4.845750e-01 -8.028613 -6.949363 -6.388396 -6.146997 -6.024083 -5.203481 -5.233692 -5.122836
4.847840e-01 -8.033225 -6.954363 -6.393407 -6.152779 -6.030126 -5.213481 -5.243692 -5.135336
4.867070e-01 -8.068485 -6.995226 -6.443073 -6.205833 -6.088669 -5.290635 -5.344943 -5.251620
4.896890e-01 -8.120308 -7.057882 -6.516438 -6.288192 -6.178259 -5.411862 -5.497460 -5.436096
4.943160e-01 -8.196120 -7.147936 -6.628723 -6.411121 -6.313906 -5.595305 -5.728769 -5.723222
4.948400e-01 -8.204275 -7.159043 -6.640876 -6.424652 -6.328906 -5.612808 -5.751910 -5.752630
4.975430e-01 -8.246292 -7.208235 -6.703084 -6.492277 -6.404957 -5.711593 -5.875689 -5.907185
4.981310e-01 -8.254452 -7.219724 -6.715994 -6.507277 -6.419958 -5.733166 -5.901332 -5.939098
4.984560e-01 -8.256952 -7.221132 -6.718918 -6.513313 -6.427458 -5.733448 -5.901416 -5.968295
5.017420e-01 -8.303555 -7.278956 -6.791188 -6.593479 -6.517065 -5.849742 -6.046514 -6.156231
5.050940e-01 -8.350885 -7.337186 -6.863827 -6.673387 -6.604177 -5.961983 -6.189130 -6.350613
5.065530e-01 -8.369718 -7.361608 -6.893886 -6.706432 -6.641678 -6.010141 -6.247946 -6.434787
5.095510e-01 -8.409275 -7.409484 -6.956181 -6.776075 -6.716295 -6.107400 -6.368090 -6.601828
5.156690e-01 -8.484713 -7.504755 -7.076141 -6.910410 -6.866984 -6.306043 -6.616416 -6.924348
5.179000e-01 -8.512158 -7.537116 -7.116650 -6.957046 -6.920550 -6.374239 -6.699584 -7.024744
5.189400e-01 -8.522836 -7.551565 -7.136318 -6.978131 -6.944116 -6.405838 -6.737754 -7.069222
5.207240e-01 -8.543152 -7.577535 -7.168907 -7.014496 -6.985185 -6.459042 -6.803425 -7.145678
5.242910e-01 -8.583429 -7.626874 -7.231608 -7.085766 -7.066256 -6.563859 -6.934767 -7.299119
5.290470e-01 -8.634768 -7.689877 -7.311973 -7.178805 -7.170896 -6.701191 -7.105659 -7.504041
5.304580e-01 -8.650099 -7.708224 -7.334916 -7.205188 -7.201973 -6.739414 -7.153835 -7.560517
5.322350e-01 -8.667931 -7.730219 -7.364683 -7.238788 -7.238048 -6.788530 -7.214514 -7.630006
5.332830e-01 -8.678624 -7.744252 -7.380128 -7.257674 -7.261625 -6.816760 -7.248386 -7.671996
5.346790e-01 -8.693266 -7.761233 -7.402736 -7.284035 -7.291627 -6.854263 -7.294071 -7.726487
5.364260e-01 -8.711104 -7.783236 -7.432509 -7.317640 -7.327705 -6.899999 -7.351567 -7.792971
5.417870e-01 -8.764982 -7.849639 -7.518288 -7.416803 -7.439864 -7.038992 -7.522511 -7.995449
5.495900e-01 -8.846727 -7.948108 -7.643903 -7.560668 -7.599531 -7.234637 -7.756686 -8.270450
5.515800e-01 -8.867084 -7.972642 -7.676188 -7.595996 -7.638118 -7.279641 -7.812382 -8.334456
5.537030e-01 -8.887785 -7.998709 -7.708818 -7.632414 -7.679202 -7.327906 -7.868086 -8.400968
5.537040e-01 -8.884929 -7.992134 -7.699607 -7.626305 -7.676702 -7.324639 -7.874485 -8.404456
5.544660e-01 -8.898136 -8.007136 -7.715053 -7.643804 -7.694204 -7.341274 -7.904814 -8.449458
5.564630e-01 -8.918493 -8.031676 -7.746913 -7.677696 -7.731705 -7.386274 -7.958018 -8.508962
5.583210e-01 -8.938143 -8.053697 -7.774549 -7.709124 -7.767793 -7.427043 -8.003733 -8.560967
5.605180e-01 -8.958850 -8.079777 -7.807636 -7.747720 -7.807788 -7.474543 -8.056229 -8.619984
5.645400e-01 -9.001367 -8.128863 -7.869644 -7.815556 -7.883883 -7.561182 -8.152653 -8.728507
5.710860e-01 -9.067810 -8.207501 -7.967716 -7.927040 -8.006063 -7.702740 -8.310150 -8.899544
5.742390e-01 -9.099240 -8.244999 -8.013340 -7.979288 -8.062158 -7.766884 -8.380867 -8.976558
5.769410e-01 -9.127113 -8.277074 -8.053177 -8.023239 -8.110754 -7.821886 -8.440865 -9.041072
5.778090e-01 -9.135332 -8.287529 -8.065676 -8.036046 -8.125752 -7.838530 -8.460864 -9.061074
5.792080e-01 -9.149990 -8.304124 -8.085817 -8.058855 -8.150751 -7.866029 -8.491578 -9.093575
5.809570e-01 -9.167148 -8.323684 -8.110977 -8.087192 -8.179348 -7.900177 -8.529080 -9.133574
5.824640e-01 -9.180367 -8.340716 -8.131437 -8.110034 -8.205447 -7.930177 -8.561579 -9.168573
5.846890e-01 -9.203246 -8.366201 -8.161599 -8.143959 -8.242947 -7.971824 -8.609796 -9.218089
5.865210e-01 -9.220746 -8.385765 -8.186763 -8.172608 -8.274047 -8.006824 -8.649794 -9.260588
5.921980e-01 -9.275077 -8.449925 -8.264284 -8.258003 -8.367647 -8.112623 -8.768009 -9.383088
5.954430e-01 -9.305466 -8.484498 -8.304917 -8.304472 -8.418748 -8.170125 -8.831229 -9.450589
6.007650e-01 -9.355857 -8.541154 -8.372769 -8.379885 -8.502354 -8.263427 -8.934447 -9.557605
6.028040e-01 -9.374084 -8.563212 -8.398254 -8.408546 -8.533459 -8.297581 -8.972667 -9.597606
6.049900e-01 -9.393747 -8.584852 -8.425155 -8.437491 -8.565959 -8.335082 -9.012667 -9.640106
6.055730e-01 -9.395489 -8.587329 -8.425935 -8.440062 -8.570674 -8.345927 -9.025164 -9.657124
6.114260e-01 -9.446613 -8.646055 -8.496446 -8.519364 -8.656783 -8.440082 -9.127663 -9.762122
6.133690e-01 -9.463778 -8.664055 -8.519114 -8.544684 -8.684283 -8.470082 -9.159110 -9.795105
6.155160e-01 -9.479846 -8.684771 -8.544299 -8.573353 -8.715393 -8.502581 -9.194109 -9.832124
6.186480e-01 -9.505246 -8.714368 -8.579490 -8.612307 -8.757894 -8.547585 -9.243383 -9.882123
6.207520e-01 -9.523481 -8.734868 -8.604662 -8.639843 -8.786506 -8.577582 -9.274108 -9.914623
6.217380e-01 -9.530981 -8.743971 -8.614681 -8.650977 -8.799006 -8.592582 -9.289108 -9.929623
6.227140e-01 -9.539219 -8.752846 -8.625160 -8.663477 -8.811505 -8.605085 -9.301609 -9.942606
6.255130e-01 -9.559958 -8.778599 -8.657532 -8.698799 -8.849006 -8.644239 -9.341608 -9.982606
6.288080e-01 -9.585362 -8.808206 -8.693192 -8.739123 -8.891506 -8.687583 -9.384107 -10.027123
6.317730e-01 -9.609345 -8.835757 -8.725594 -8.775265 -8.929006 -8.727583 -9.421608 -10.064623
6.342450e-01 -9.627588 -8.857387 -8.751261 -8.805265 -8.959006 -8.757580 -9.450883 -10.094623
6.367160e-01 -9.645834 -8.879501 -8.778948 -8.835265 -8.989006 -8.788431 -9.480159 -10.122606
6.386730e-01 -9.659827 -8.897025 -8.799136 -8.858087 -9.014007 -8.813429 -9.502659 -10.144623
6.420330e-01 -9.685574 -8.927795 -8.836530 -8.898089 -9.054006 -8.853427 -9.539440 -10.180106
6.432960e-01 -9.692324 -8.938009 -8.845777 -8.912092 -9.070969 -8.873425 -9.556213 -10.197123
6.454440e-01 -9.706660 -8.957147 -8.868947 -8.938099 -9.092352 -8.895925 -9.576216 -10.217123
6.468740e-01 -9.715664 -8.970804 -8.883653 -8.953060 -9.106234 -8.909274 -9.587998 -10.231641
6.485560e-01 -9.728164 -8.985401 -8.901646 -8.972739 -9.123734 -8.928420 -9.604774 -10.246641
6.512340e-01 -9.749341 -9.009971 -8.929033 -9.001927 -9.153735 -8.956771 -9.629780 -10.271642
6.533990e-01 -9.765099 -9.029113 -8.951733 -9.026603 -9.176234 -8.979269 -9.649059 -10.291642
6.563370e-01 -9.786617 -9.054623 -8.981919 -9.058219 -9.206506 -9.010118 -9.675841 -10.316641
6.577400e-01 -9.797378 -9.067123 -8.995396 -9.074586 -9.221505 -9.025118 -9.688347 -10.329141
6.604500e-01 -9.816735 -9.090809 -9.022317 -9.102089 -9.249006 -9.052616 -9.712629 -10.354142
6.624520e-01 -9.832166 -9.108310 -9.040799 -9.123420 -9.267894 -9.073466 -9.730129 -10.371641
6.651500e-01 -9.851532 -9.130862 -9.067716 -9.150599 -9.292893 -9.099317 -9.754416 -10.396160
6.683840e-01 -9.875238 -9.158362 -9.096220 -9.183064 -9.324283 -9.131817 -9.783699 -10.424141
6.794080e-01 -9.951201 -9.247335 -9.193322 -9.288664 -9.427619 -9.244314 -9.885863 -10.526160
6.838590e-01 -9.981367 -9.282389 -9.233259 -9.331127 -9.469005 -9.287667 -9.923361 -10.563661
6.876750e-01 -10.007930 -9.312414 -9.265966 -9.365040 -9.502620 -9.322666 -9.956950 -10.596162
6.913310e-01 -10.031212 -9.339063 -9.296195 -9.397505 -9.534005 -9.356019 -9.986948 -10.626162
6.948990e-01 -10.053899 -9.366107 -9.324418 -9.428918 -9.565119 -9.389375 -10.016244 -10.656161
7.002090e-01 -10.085807 -9.402784 -9.366870 -9.473882 -9.609004 -9.436873 -10.060542 -10.696161
7.039470e-01 -10.108766 -9.429409 -9.394866 -9.503080 -9.639006 -9.469373 -10.089839 -10.724143
7.083080e-01 -10.133974 -9.457837 -9.427302 -9.536960 -9.671505 -9.506872 -10.121640 -10.756642
7.170460e-01 -10.182022 -9.511533 -9.485782 -9.600525 -9.731507 -9.577729 -10.185241 -10.816641
7.196790e-01 -10.195651 -9.527703 -9.503508 -9.619410 -9.749008 -9.597727 -10.202044 -10.834141
7.232080e-01 -10.214751 -9.548604 -9.526233 -9.643576 -9.772895 -9.625225 -10.226347 -10.856639
7.258570e-01 -10.228383 -9.564774 -9.543455 -9.660794 -9.789005 -9.643586 -10.243848 -10.872121
7.284940e-01 -10.240653 -9.579775 -9.558961 -9.677498 -9.806508 -9.663585 -10.260652 -10.889145
7.292740e-01 -10.242099 -9.588917 -9.563572 -9.685796 -9.817709 -9.681008 -10.274954 -10.899141
7.340910e-01 -10.261883 -9.614709 -9.593784 -9.715726 -9.841579 -9.713508 -10.301763 -10.926163
7.367050e-01 -10.271673 -9.629996 -9.609785 -9.732096 -9.851579 -9.730152 -10.315378 -10.939140
7.398890e-01 -10.282281 -9.646205 -9.629214 -9.750375 -9.864083 -9.748504 -10.330380 -10.956163
7.444110e-01 -10.303715 -9.673252 -9.657444 -9.779271 -9.886582 -9.776859 -10.352193 -10.978662
7.491300e-01 -10.326510 -9.701456 -9.685699 -9.809239 -9.910457 -9.806857 -10.375815 -11.001161
7.535540e-01 -10.347978 -9.728080 -9.715359 -9.838705 -9.935711 -9.832712 -10.395129 -11.021160
7.575640e-01 -10.369630 -9.752630 -9.741122 -9.866189 -9.957091 -9.856069 -10.413758 -11.041158
7.626860e-01 -10.396620 -9.785573 -9.776600 -9.902637 -9.987089 -9.886929 -10.437396 -11.065682
7.662700e-01 -10.416128 -9.809260 -9.801852 -9.928719 -10.008472 -9.909427 -10.454216 -11.083177
7.697810e-01 -10.436142 -9.832625 -9.825397 -9.954031 -10.029853 -9.931151 -10.471037 -11.098662
7.748560e-01 -10.460436 -9.871439 -9.864203 -9.994988 -10.069725 -9.973561 -10.504678 -11.130203
7.778700e-01 -10.476283 -9.890133 -9.884463 -10.016383 -10.088592 -9.993560 -10.520828 -11.145201
7.833270e-01 -10.506218 -9.927188 -9.922754 -10.056189 -10.122227 -10.026920 -10.547658 -11.172699
7.868400e-01 -10.524572 -9.948856 -9.947469 -10.080089 -10.143594 -10.050280 -10.566985 -11.192223
7.922130e-01 -10.551182 -9.982552 -9.983247 -10.116643 -10.174728 -10.085278 -10.593813 -11.217704
7.965240e-01 -10.571608 -10.007608 -10.012680 -10.144492 -10.198594 -10.111140 -10.615643 -11.240204
8.018430e-01 -10.594462 -10.038806 -10.045965 -10.178571 -10.227230 -10.144504 -10.642473 -11.265199
8.091030e-01 -10.625722 -10.080005 -10.088719 -10.220889 -10.262228 -10.187866 -10.678639 -11.297702
8.147370e-01 -10.649040 -10.108734 -10.121732 -10.253951 -10.288361 -10.220365 -10.704809 -11.320681
8.204050e-01 -10.671635 -10.139495 -10.153675 -10.284082 -10.313360 -10.252863 -10.729145 -11.345682
8.241000e-01 -10.684982 -10.157023 -10.173917 -10.303501 -10.329497 -10.273728 -10.745986 -11.360682
8.304480e-01 -10.710470 -10.190285 -10.209443 -10.338838 -10.355633 -10.307095 -10.772165 -11.386161
8.349830e-01 -10.717334 -10.221506 -10.237428 -10.369687 -10.384828 -10.345183 -10.807688 -11.413181
8.422190e-01 -10.734563 -10.254795 -10.277091 -10.404063 -10.403338 -10.383540 -10.836379 -11.443183
8.472560e-01 -10.745245 -10.277683 -10.302859 -10.427270 -10.413183 -10.408538 -10.855723 -11.461161
8.550250e-01 -10.774052 -10.318031 -10.345070 -10.467038 -10.444360 -10.446896 -10.886919 -11.491161
8.613310e-01 -10.800353 -10.350495 -10.377560 -10.497832 -10.468034 -10.477755 -10.910619 -11.513660
8.711510e-01 -10.839654 -10.400822 -10.428642 -10.548238 -10.507891 -10.526116 -10.949324 -11.549139
8.772660e-01 -10.865107 -10.431996 -10.459233 -10.579849 -10.532754 -10.556114 -10.974889 -11.574143
8.853150e-01 -10.896680 -10.473636 -10.501721 -10.619826 -10.566310 -10.598612 -11.008607 -11.604622
8.899970e-01 -10.913743 -10.495702 -10.524513 -10.642669 -10.584999 -10.621976 -11.028606 -11.624140
8.932410e-01 -10.925222 -10.511939 -10.541730 -10.658049 -10.597379 -10.639473 -11.042966 -11.637122
8.996990e-01 -10.928978 -10.552139 -10.580318 -10.699105 -10.627540 -10.685094 -11.084188 -11.674142
9.054890e-01 -10.944262 -10.577576 -10.608648 -10.726044 -10.643724 -10.715092 -11.110416 -11.696643
9.126760e-01 -10.954709 -10.606414 -10.643036 -10.753457 -10.656194 -10.750094 -11.139781 -11.722604
9.193740e-01 -10.963172 -10.633201 -10.675726 -10.779388 -10.667472 -10.782589 -11.166646 -11.747607
9.257750e-01 -10.977092 -10.660297 -10.704891 -10.803351 -10.681287 -10.810089 -11.191014 -11.768089
9.355540e-01 -11.004641 -10.701917 -10.745444 -10.841057 -10.711411 -10.852588 -11.226621 -11.796558
9.429390e-01 -11.029500 -10.733564 -10.777393 -10.869830 -10.735243 -10.882584 -11.250993 -11.819546
9.547830e-01 -11.074401 -10.783895 -10.826426 -10.921815 -10.777803 -10.930939 -11.291615 -11.853020
9.632800e-01 -11.110426 -10.821357 -10.863985 -10.959189 -10.811585 -10.965936 -11.320990 -11.880521
9.710880e-01 -11.145408 -10.855062 -10.897417 -10.995580 -10.844087 -11.000936 -11.349746 -11.908019
9.750430e-01 -11.148366 -10.877688 -10.918283 -11.017465 -10.858504 -11.024175 -11.374747 -11.928020
9.821990e-01 -11.181922 -10.908876 -10.949215 -11.051799 -10.893503 -11.059172 -11.404127 -11.955033
9.875660e-01 -11.205871 -10.932206 -10.973977 -11.076799 -10.918505 -11.084174 -11.426629 -11.975521
9.922580e-01 -11.225874 -10.952207 -10.994575 -11.099334 -10.942309 -11.109173 -11.446630 -11.995032
9.984580e-01 -11.254817 -10.979709 -11.022671 -11.129364 -10.973617 -11.141669 -11.476010 -12.022533
1.004640e+00 -11.282315 -11.006791 -11.049952 -11.157779 -11.004925 -11.174169 -11.505393 -12.050032
1.008000e+00 -11.297314 -11.020539 -11.064951 -11.173000 -11.022427 -11.192519 -11.522276 -12.065032
1.019140e+00 -11.345611 -11.068485 -11.115567 -11.226476 -11.081361 -11.255021 -11.579162 -12.115519
1.023660e+00 -11.367057 -11.088514 -11.137231 -11.246732 -11.105176 -11.280021 -11.601663 -12.135521
1.032640e+00 -11.407456 -11.128514 -11.177243 -11.287869 -11.151492 -11.328372 -11.648549 -12.178021
1.041040e+00 -11.444301 -11.164376 -11.214999 -11.326543 -11.196626 -11.375871 -11.691051 -12.216008
1.046050e+00 -11.467205 -11.186877 -11.237513 -11.349964 -11.222948 -11.403369 -11.717936 -12.238998
1.051510e+00 -11.491555 -11.209406 -11.262276 -11.375219 -11.251771 -11.433370 -11.745438 -12.263998
1.056400e+00 -11.513007 -11.230658 -11.284194 -11.396142 -11.275593 -11.460869 -11.770438 -12.286989
1.065590e+00 -11.554457 -11.270657 -11.324193 -11.436657 -11.323243 -11.509223 -11.817326 -12.329488
1.070350e+00 -11.574860 -11.290686 -11.345875 -11.457581 -11.347071 -11.535078 -11.841714 -12.349982
1.074310e+00 -11.591717 -11.306105 -11.361710 -11.475148 -11.367230 -11.556723 -11.861715 -12.367481
1.078280e+00 -11.611961 -11.326912 -11.381661 -11.487287 -11.373562 -11.577647 -11.884828 -12.387973
1.083570e+00 -11.634866 -11.349411 -11.404177 -11.510712 -11.399896 -11.605147 -11.911716 -12.410967
1.100060e+00 -11.704218 -11.415666 -11.471111 -11.577857 -11.477742 -11.690150 -11.991718 -12.485966
1.104030e+00 -11.721718 -11.431505 -11.488360 -11.594914 -11.497742 -11.710149 -12.011110 -12.501462
1.107510e+00 -11.734623 -11.445667 -11.501110 -11.608341 -11.514083 -11.727649 -12.028610 -12.518466
1.114470e+00 -11.763576 -11.471921 -11.528626 -11.636806 -11.546767 -11.761009 -12.061107 -12.548962
1.128680e+00 -11.817935 -11.526561 -11.585549 -11.693033 -11.610806 -11.833506 -12.130501 -12.611956
1.133060e+00 -11.834390 -11.542818 -11.603048 -11.710607 -11.631005 -11.854367 -12.151111 -12.629953
1.140850e+00 -11.864797 -11.572817 -11.633048 -11.740869 -11.664857 -11.891868 -12.188001 -12.664953
1.144740e+00 -11.878751 -11.587009 -11.648048 -11.755905 -11.681210 -11.911867 -12.205506 -12.680450
1.150250e+00 -11.899161 -11.607009 -11.668064 -11.776874 -11.706421 -11.936869 -12.230502 -12.704953
1.154260e+00 -11.914160 -11.621187 -11.683300 -11.792105 -11.723921 -11.956868 -12.250502 -12.722453
1.169080e+00 -11.967482 -11.675408 -11.739986 -11.848150 -11.786860 -12.027729 -12.318006 -12.785451
1.173540e+00 -11.984571 -11.691667 -11.757488 -11.865684 -11.805723 -12.047730 -12.338003 -12.803447
1.179130e+00 -12.003939 -11.711283 -11.777740 -11.886624 -11.829588 -12.074368 -12.362397 -12.828447
1.183710e+00 -12.019982 -11.727118 -11.795003 -11.904355 -11.849588 -12.095230 -12.382395 -12.845947
1.186850e+00 -12.031030 -11.740034 -11.808316 -11.912094 -11.849588 -12.110323 -12.399291 -12.861446
1.192010e+00 -12.051030 -11.759614 -11.827504 -11.930722 -11.872087 -12.134457 -12.419902 -12.881946
1.197080e+00 -12.068529 -11.777535 -11.845831 -11.950759 -11.893454 -12.157824 -12.442396 -12.901946
1.202070e+00 -12.086029 -11.795063 -11.865020 -11.969197 -11.914821 -12.180322 -12.464900 -12.924446
1.207000e+00 -12.103940 -11.812985 -11.882770 -11.987637 -11.936190 -12.202825 -12.487400 -12.944446
1.212100e+00 -12.121441 -11.830938 -11.902771 -12.007674 -11.957560 -12.227824 -12.509901 -12.964947
1.231200e+00 -12.187901 -11.898107 -11.975288 -12.081230 -12.038056 -12.316191 -12.594905 -13.045450
1.236930e+00 -12.207266 -11.917725 -11.995540 -12.102171 -12.061934 -12.341190 -12.619903 -13.067948
1.243510e+00 -12.229767 -11.940682 -12.019966 -12.125617 -12.088313 -12.369558 -12.647403 -13.093451
1.251200e+00 -12.254766 -11.967374 -12.047481 -12.154028 -12.118313 -12.404558 -12.679905 -13.123452
1.257060e+00 -12.274766 -11.986595 -12.069981 -12.176563 -12.142193 -12.427928 -12.702404 -13.143955
1.264990e+00 -12.301226 -12.014095 -12.097482 -12.204530 -12.174693 -12.461299 -12.732407 -13.173451
1.271000e+00 -12.321227 -12.034525 -12.117735 -12.225442 -12.197193 -12.486298 -12.754907 -13.193955
1.277220e+00 -12.341225 -12.054984 -12.140235 -12.247980 -12.221075 -12.512169 -12.779907 -13.216455
1.285540e+00 -12.368726 -12.081252 -12.167766 -12.277148 -12.253842 -12.547169 -12.809907 -13.244459
1.291820e+00 -12.389774 -12.102521 -12.190266 -12.299883 -12.278840 -12.571418 -12.834908 -13.267465
1.298280e+00 -12.410187 -12.124212 -12.212766 -12.322421 -12.302730 -12.598042 -12.858017 -13.289964
1.306990e+00 -12.437689 -12.152175 -12.242782 -12.353377 -12.336615 -12.633917 -12.892410 -13.320471
1.313600e+00 -12.460602 -12.171842 -12.267809 -12.372867 -12.350228 -12.661549 -12.917409 -13.345979
1.320350e+00 -12.482482 -12.194775 -12.290562 -12.396321 -12.376617 -12.687429 -12.942413 -13.368989
1.329470e+00 -12.512482 -12.225270 -12.324757 -12.429543 -12.410503 -12.724930 -12.977412 -13.401996
1.336380e+00 -12.536434 -12.248669 -12.349992 -12.454778 -12.438006 -12.753310 -13.004913 -13.426995
1.343490e+00 -12.560399 -12.273669 -12.375578 -12.482120 -12.465790 -12.783309 -13.032413 -13.452505
1.353010e+00 -12.593315 -12.308299 -12.410831 -12.517842 -12.502182 -12.821693 -13.069913 -13.487504
1.360180e+00 -12.618733 -12.333767 -12.438331 -12.545380 -12.531074 -12.851693 -13.098022 -13.513012
1.367570e+00 -12.645200 -12.361705 -12.466069 -12.572921 -12.559972 -12.882576 -13.125524 -13.540520
1.377470e+00 -12.680619 -12.397175 -12.503016 -12.609563 -12.598866 -12.920963 -13.165525 -13.576026
1.384930e+00 -12.707072 -12.424311 -12.531323 -12.638878 -12.628869 -12.951848 -13.193026 -13.601539
1.392420e+00 -12.733539 -12.451058 -12.560186 -12.665525 -12.657767 -12.981848 -13.221137 -13.629039
1.402480e+00 -12.769992 -12.487724 -12.596008 -12.703064 -12.696665 -13.021848 -13.261138 -13.664041
1.410100e+00 -12.796460 -12.514474 -12.625440 -12.731489 -12.726669 -13.052736 -13.288639 -13.689553
1.417820e+00 -12.824382 -12.542418 -12.653179 -12.759067 -12.756971 -13.081126 -13.318638 -13.717056
1.428160e+00 -12.860834 -12.579561 -12.690936 -12.797296 -12.795878 -13.122017 -13.356750 -13.752571
1.435940e+00 -12.888334 -12.607061 -12.718435 -12.825072 -12.827283 -13.152017 -13.384862 -13.778083
1.443790e+00 -12.916259 -12.633786 -12.746192 -12.853302 -12.856190 -13.180410 -13.414252 -13.805584
1.454150e+00 -12.951681 -12.670902 -12.781690 -12.889269 -12.895098 -13.218801 -13.450478 -13.841102
1.461830e+00 -12.979606 -12.697182 -12.808623 -12.915238 -12.924009 -13.248800 -13.477979 -13.866103
1.469770e+00 -13.007106 -12.725131 -12.836382 -12.943668 -12.954009 -13.277195 -13.507978 -13.891618
1.480420e+00 -13.043988 -12.761030 -12.871884 -12.979680 -12.994332 -13.315593 -13.546093 -13.927140
1.488460e+00 -13.071913 -12.788528 -12.899384 -13.007221 -13.023248 -13.345592 -13.573593 -13.952657
1.496540e+00 -13.099841 -12.816484 -12.927143 -13.035456 -13.052163 -13.373094 -13.601710 -13.977658
1.507310e+00 -13.137341 -12.852735 -12.962404 -13.071432 -13.091081 -13.411491 -13.639826 -14.013179
1.515390e+00 -13.164229 -12.879889 -12.989584 -13.097408 -13.120000 -13.439889 -13.667328 -14.038177
1.523630e+00 -13.195712 -12.905762 -13.018445 -13.116030 -13.127920 -13.467359 -13.693594 -14.067768
1.534530e+00 -13.232598 -12.941669 -13.053950 -13.152007 -13.166833 -13.504858 -13.731096 -14.100794
1.542650e+00 -13.260531 -12.967931 -13.079211 -13.177785 -13.194663 -13.532357 -13.759211 -14.126321
1.558830e+00 -13.314925 -13.020860 -13.129736 -13.229743 -13.252501 -13.586686 -13.814827 -14.176850
1.566920e+00 -13.341818 -13.046318 -13.154999 -13.255526 -13.280342 -13.614190 -13.842946 -14.202376
1.583110e+00 -13.396653 -13.098497 -13.205775 -13.307295 -13.337114 -13.669190 -13.899186 -14.253433
1.591280e+00 -13.424588 -13.124764 -13.231040 -13.333322 -13.367470 -13.696690 -13.927307 -14.278967
1.601930e+00 -13.458993 -13.157723 -13.263805 -13.366610 -13.402831 -13.732606 -13.963552 -14.313966
1.612320e+00 -13.493398 -13.191117 -13.294590 -13.398590 -13.440698 -13.765112 -13.999177 -14.344498
1.627910e+00 -13.543692 -13.239516 -13.340932 -13.446924 -13.492509 -13.816029 -14.052928 -14.392530
1.643500e+00 -13.593552 -13.286254 -13.386474 -13.493756 -13.545777 -13.866034 -14.103558 -14.438065
1.660060e+00 -13.644446 -13.332990 -13.432036 -13.541508 -13.600116 -13.914454 -14.152947 -14.483601
1.676630e+00 -13.694320 -13.379703 -13.475894 -13.587595 -13.651970 -13.961954 -14.201081 -14.527172
1.693190e+00 -13.743747 -13.425917 -13.517271 -13.632142 -13.703835 -14.005375 -14.246713 -14.567710
1.710200e+00 -13.793632 -13.470477 -13.558394 -13.676702 -13.755714 -14.051296 -14.292347 -14.610208
1.727220e+00 -13.843070 -13.516729 -13.601445 -13.721224 -13.806138 -14.093799 -14.336120 -14.650747
1.744230e+00 -13.892510 -13.561291 -13.642560 -13.764868 -13.857007 -14.135648 -14.379895 -14.691287
1.761950e+00 -13.943417 -13.608361 -13.686176 -13.810977 -13.908924 -14.178150 -14.427395 -14.732369
1.779070e+00 -13.993322 -13.654117 -13.727311 -13.855554 -13.960851 -14.220651 -14.471177 -14.772913
1.801890e+00 -14.059262 -13.713694 -13.783436 -13.914260 -14.028260 -14.275652 -14.529321 -14.827912
1.810070e+00 -14.082223 -13.736166 -13.803717 -13.935080 -14.051233 -14.294081 -14.549963 -14.845955
1.826450e+00 -14.128715 -13.778247 -13.842358 -13.976924 -14.098203 -14.332509 -14.590604 -14.883456
1.851470e+00 -14.198638 -13.842832 -13.902925 -14.039123 -14.170681 -14.389082 -14.651252 -14.939000
1.882850e+00 -14.285598 -13.921548 -13.974357 -14.114816 -14.258194 -14.457511 -14.722546 -15.007045
1.891530e+00 -14.309601 -13.943522 -13.992721 -14.135695 -14.282718 -14.475942 -14.742545 -15.024546
1.908910e+00 -14.356100 -13.985621 -14.031358 -14.177032 -14.330740 -14.512514 -14.780045 -15.060092
1.932690e+00 -14.419532 -14.041921 -14.084747 -14.233959 -14.394304 -14.560014 -14.830694 -15.105640
1.951740e+00 -14.470570 -14.088070 -14.125615 -14.277601 -14.443865 -14.595944 -14.868844 -15.143140
1.970620e+00 -14.520569 -14.131872 -14.164275 -14.319740 -14.493438 -14.630946 -14.906345 -15.178140
1.990070e+00 -14.571036 -14.176880 -14.205168 -14.364340 -14.543994 -14.665946 -14.941346 -15.213139
2.010830e+00 -14.625569 -14.225250 -14.248563 -14.411443 -14.597055 -14.703447 -14.981347 -15.248140
2.031940e+00 -14.680569 -14.273639 -14.291939 -14.457805 -14.650120 -14.740947 -15.018851 -15.283688
2.054400e+00 -14.724779 -14.316677 -14.313700 -14.480191 -14.635937 -14.756546 -15.032900 -15.296737
2.079920e+00 -14.788310 -14.373111 -14.362108 -14.532694 -14.695937 -14.797515 -15.075400 -15.336737
2.114050e+00 -14.869321 -14.445070 -14.428033 -14.603454 -14.773440 -14.851548 -15.132243 -15.391188
2.149130e+00 -14.951806 -14.517064 -14.494538 -14.675724 -14.850938 -14.905583 -15.187242 -15.443688
2.191300e+00 -15.047253 -14.601565 -14.570768 -14.757424 -14.937889 -14.968084 -15.254083 -15.504237
2.240870e+00 -15.154746 -14.696125 -14.659781 -14.852371 -15.037346 -15.038085 -15.326586 -15.573687
2.298680e+00 -15.275217 -14.802741 -14.758837 -14.958639 -15.145821 -15.117122 -15.406585 -15.650639
2.319100e+00 -15.316703 -14.839574 -14.792237 -14.994820 -15.182787 -15.142122 -15.434086 -15.675640
2.359940e+00 -15.398669 -14.911896 -14.860959 -15.068243 -15.254754 -15.193659 -15.485928 -15.725093
2.420840e+00 -15.517252 -15.017649 -14.959383 -15.170355 -15.356210 -15.263661 -15.555930 -15.792593
2.506680e+00 -15.674824 -15.161405 -15.093413 -15.309824 -15.490679 -15.356738 -15.649616 -15.881499
2.614680e+00 -15.864511 -15.334793 -15.258132 -15.474640 -15.644746 -15.462698 -15.753963 -15.982369
2.722680e+00 -16.042334 -15.499217 -15.412809 -15.627346 -15.787008 -15.560200 -15.847657 -16.071825
2.830680e+00 -16.211292 -15.655892 -15.561754 -15.768643 -15.920924 -15.651158 -15.935707 -16.158244
2.938680e+00 -16.372832 -15.805492 -15.701883 -15.902673 -16.048570 -15.741157 -16.022558 -16.242707
3.046680e+00 -16.524458 -15.946656 -15.836155 -16.029265 -16.170340 -15.827121 -16.106266 -16.324674
3.154680e+00 -16.669113 -16.079224 -15.960777 -16.147686 -16.284783 -15.910584 -16.188122 -16.402708
3.262680e+00 -16.803849 -16.203350 -16.080112 -16.259948 -16.393575 -15.990579 -16.264979 -16.477172
3.370680e+00 -16.930043 -16.320402 -16.192262 -16.364952 -16.496075 -16.064047 -16.336836 -16.547171
3.478680e+00 -17.049241 -16.431039 -16.297510 -16.464745 -16.592561 -16.136547 -16.404339 -16.614136
3.586680e+00 -17.160556 -16.533092 -16.395272 -16.557092 -16.682998 -16.202514 -16.468699 -16.676635
3.694680e+00 -17.266225 -16.630570 -16.488312 -16.643665 -16.768506 -16.267513 -16.530559 -16.736635
3.802680e+00 -17.365589 -16.721653 -16.576108 -16.726078 -16.850424 -16.328485 -16.589920 -16.794135
3.910680e+00 -17.459311 -16.808710 -16.659453 -16.804703 -16.926230 -16.388482 -16.646783 -16.848600
4.018680e+00 -17.547337 -16.891209 -16.739222 -16.877171 -16.999571 -16.444454 -16.701782 -16.901100
4.126680e+00 -17.629490 -16.967716 -16.813408 -16.947518 -17.067948 -16.499450 -16.753646 -16.951097
4.234680e+00 -17.710059 -17.042273 -16.883757 -17.012305 -17.133991 -16.550424 -16.803011 -16.998598
4.342680e+00 -17.784765 -17.111279 -16.950477 -17.075988 -17.196236 -16.600421 -16.850512 -17.044135
4.450680e+00 -17.856251 -17.178756 -17.014162 -17.134954 -17.256004 -16.646396 -16.895513 -17.088598
4.558680e+00 -17.924375 -17.242345 -17.075063 -17.191184 -17.312094 -16.691396 -16.939879 -17.131099
4.666680e+00 -17.988825 -17.302346 -17.133473 -17.244916 -17.365696 -16.734869 -16.982375 -17.171635
4.774670e+00 -18.050785 -17.360242 -17.188012 -17.296152 -17.416813 -16.776394 -17.022376 -17.211635
4.882670e+00 -18.110255 -17.416331 -17.241419 -17.344099 -17.465446 -16.816394 -17.061744 -17.249134
4.990670e+00 -18.166034 -17.468808 -17.291186 -17.391802 -17.512873 -16.854867 -17.099244 -17.286634
5.098670e+00 -18.220522 -17.518808 -17.339642 -17.436378 -17.557804 -16.890846 -17.136111 -17.321634
5.206670e+00 -18.273374 -17.568763 -17.384710 -17.479083 -17.600244 -16.925844 -17.171112 -17.356634
5.314670e+00 -18.321669 -17.614854 -17.428680 -17.520121 -17.641466 -16.959868 -17.203615 -17.389136
5.422670e+00 -18.369527 -17.659829 -17.470957 -17.560327 -17.681409 -16.990843 -17.236110 -17.421634
5.638670e+00 -18.459487 -17.744782 -17.550013 -17.634076 -17.755093 -17.050843 -17.296113 -17.481634
5.854660e+00 -18.542801 -17.824739 -17.624064 -17.702032 -17.823786 -17.105843 -17.351111 -17.538600
6.070660e+00 -18.620281 -17.898286 -17.691158 -17.765536 -17.886257 -17.155844 -17.402982 -17.590564
6.286660e+00 -18.693609 -17.967821 -17.754944 -17.824291 -17.944972 -17.201822 -17.448614 -17.638065
6.610650e+00 -18.793215 -18.063719 -17.841834 -17.904751 -18.026203 -17.261822 -17.511110 -17.703065
7.690640e+00 -19.020788 -18.231178 -17.964803 -18.054093 -18.221559 -17.280592 -17.548712 -17.740564
8.113670e+00 -19.110324 -18.319632 -18.044166 -18.124818 -18.284128 -17.314629 -17.588713 -17.785030
8.484670e+00 -19.170299 -18.384624 -18.103194 -18.173707 -18.324201 -17.328665 -17.605572 -17.801997
8.700670e+00 -19.202777 -18.419578 -18.132783 -18.197291 -18.342992 -17.333665 -17.609933 -17.806998
8.997660e+00 -19.241943 -18.465186 -18.171534 -18.227310 -18.366780 -17.338666 -17.613075 -17.811465
9.213660e+00 -19.268626 -18.495571 -18.198604 -18.246614 -18.381780 -17.341164 -17.613075 -17.813965
9.429650e+00 -19.291568 -18.524106 -18.222391 -18.263052 -18.396782 -17.342127 -17.612436 -17.813434
9.753640e+00 -19.326224 -18.566565 -18.258476 -18.287937 -18.420574 -17.345591 -17.611798 -17.812904
1.007760e+01 -19.363386 -18.610079 -18.294103 -18.311727 -18.448072 -17.350991 -17.612436 -17.815404
1.018560e+01 -19.378261 -18.624441 -18.310033 -18.322530 -18.457666 -17.360989 -17.619295 -17.820404
1.061760e+01 -19.435861 -18.688949 -18.363527 -18.364089 -18.503941 -17.380430 -17.636160 -17.837375
1.094160e+01 -19.478029 -18.737884 -18.405071 -18.396628 -18.537665 -17.394876 -17.648024 -17.847905
1.126560e+01 -19.517316 -18.784322 -18.444105 -18.425093 -18.566442 -17.403351 -17.653026 -17.854876
1.158960e+01 -19.552882 -18.826781 -18.480325 -18.450801 -18.591441 -17.406826 -17.654888 -17.856848
1.180560e+01 -19.572600 -18.853220 -18.499910 -18.463602 -18.606442 -17.405305 -17.652394 -17.854348
1.202160e+01 -19.591065 -18.875680 -18.517134 -18.475358 -18.618940 -17.401283 -17.649257 -17.849348
1.223760e+01 -19.604931 -18.894251 -18.533674 -18.486814 -18.628942 -17.394765 -17.641757 -17.843820
1.245360e+01 -19.615953 -18.911710 -18.545916 -18.494879 -18.640220 -17.388247 -17.633624 -17.834347
1.266960e+01 -19.625339 -18.926690 -18.558263 -18.503398 -18.650219 -17.379232 -17.625493 -17.823820
1.288560e+01 -19.632625 -18.939190 -18.569833 -18.510937 -18.658942 -17.370215 -17.615494 -17.813820
1.310160e+01 -19.637047 -18.950671 -18.579693 -18.517963 -18.667719 -17.361202 -17.604860 -17.801321
1.331750e+01 -19.641487 -18.961104 -18.591254 -18.524725 -18.675220 -17.352188 -17.594234 -17.790794
1.353350e+01 -19.645944 -18.971515 -18.601135 -18.532490 -18.683997 -17.343178 -17.583604 -17.778295
1.374950e+01 -19.649511 -18.980971 -18.614852 -18.541754 -18.693999 -17.335160 -17.573609 -17.765794
1.396550e+01 -19.651502 -18.990825 -18.627227 -18.550715 -18.701499 -17.328651 -17.563609 -17.755794
1.418150e+01 -19.656011 -19.002769 -18.641737 -18.561405 -18.710280 -17.323141 -17.557352 -17.748294
1.439750e+01 -19.658963 -19.016225 -18.658322 -18.573599 -18.720278 -17.319140 -17.549854 -17.740269
1.461350e+01 -19.662585 -19.027190 -18.673296 -18.586534 -18.730279 -17.315138 -17.544854 -17.732769
1.482950e+01 -19.665584 -19.039587 -18.689868 -18.598001 -18.740278 -17.311137 -17.538604 -17.725270
1.504550e+01 -19.667672 -19.049491 -18.704400 -18.609466 -18.750279 -17.305640 -17.531107 -17.715270
1.526150e+01 -19.668481 -19.057976 -18.716433 -18.618700 -18.759061 -17.299145 -17.522985 -17.705270
1.547750e+01 -19.667752 -19.066919 -18.730528 -18.628439 -18.767779 -17.292651 -17.514865 -17.692770
1.558550e+01 -19.663925 -19.069572 -18.740418 -18.627024 -18.773745 -17.303172 -17.522356 -17.697770
1.580150e+01 -19.661030 -19.076088 -18.754178 -18.636945 -18.781275 -17.295196 -17.512357 -17.685269
1.601750e+01 -19.659955 -19.083980 -18.766567 -18.645921 -18.788774 -17.288709 -17.503615 -17.674746
1.623340e+01 -19.656755 -19.090521 -18.780315 -18.654891 -18.796274 -17.280740 -17.495497 -17.662770
1.644940e+01 -19.652624 -19.096129 -18.794501 -18.665092 -18.802509 -17.274259 -17.485502 -17.650269
1.666540e+01 -19.649127 -19.103140 -18.809042 -18.676271 -18.810009 -17.267778 -17.479264 -17.637770
1.688140e+01 -19.644462 -19.110842 -18.824943 -18.686739 -18.817509 -17.261299 -17.471150 -17.627769
1.709740e+01 -19.638861 -19.116958 -18.839051 -18.695465 -18.823746 -17.257320 -17.463035 -17.617770
1.731340e+01 -19.632090 -19.124204 -18.853176 -18.704875 -18.828746 -17.253342 -17.457421 -17.607769
1.752940e+01 -19.625021 -19.128771 -18.863498 -18.712890 -18.834984 -17.247894 -17.451810 -17.598295
1.774540e+01 -19.614172 -19.130589 -18.870140 -18.716189 -18.839967 -17.243921 -17.445589 -17.585794
1.796140e+01 -19.602169 -19.129732 -18.874704 -18.719020 -18.846209 -17.235982 -17.437483 -17.571321
1.817740e+01 -19.589201 -19.125901 -18.874717 -18.720072 -18.849952 -17.229513 -17.429374 -17.556848
1.839340e+01 -19.572262 -19.119579 -18.872231 -18.718964 -18.854944 -17.220547 -17.420663 -17.541847
1.860940e+01 -19.556219 -19.111663 -18.867241 -18.715613 -18.858693 -17.212618 -17.411956 -17.524875
1.882540e+01 -19.536142 -19.101956 -18.862694 -18.714432 -18.861192 -17.206155 -17.405750 -17.509876
1.904130e+01 -19.517661 -19.091572 -18.857354 -18.710828 -18.863694 -17.199695 -17.397652 -17.493435
1.925730e+01 -19.497021 -19.080302 -18.852460 -18.709696 -18.867448 -17.193235 -17.393355 -17.478965
1.947330e+01 -19.476410 -19.069533 -18.849641 -18.709287 -18.871201 -17.189279 -17.389665 -17.466997
1.968930e+01 -19.455826 -19.058776 -18.847233 -18.709630 -18.874957 -17.187822 -17.386573 -17.455030
1.990530e+01 -19.435273 -19.048057 -18.846983 -18.712171 -18.878714 -17.188866 -17.385980 -17.447531
2.012130e+01 -19.412250 -19.038073 -18.847091 -18.715434 -18.882472 -17.191367 -17.387297 -17.441098
2.033730e+01 -19.391467 -19.029014 -18.848907 -18.717980 -18.886232 -17.193867 -17.391120 -17.436635
2.055330e+01 -19.369563 -19.020463 -18.851506 -18.722759 -18.891256 -17.199914 -17.395532 -17.432709
2.076930e+01 -19.347700 -19.011452 -18.853340 -18.726027 -18.895021 -17.204914 -17.401860 -17.430748
2.098530e+01 -19.326446 -19.003156 -18.868911 -18.721139 -18.899942 -17.221608 -17.416268 -17.440209
2.120130e+01 -19.304060 -18.994685 -18.869762 -18.725150 -18.903693 -17.226611 -17.423187 -17.439328
2.141730e+01 -19.279770 -18.984929 -18.871605 -18.728417 -18.907448 -17.234110 -17.430686 -17.439870
2.163320e+01 -19.257486 -18.976542 -18.873774 -18.731000 -18.912457 -17.239110 -17.439519 -17.442912
2.184920e+01 -19.234169 -18.966822 -18.873455 -18.732121 -18.917473 -17.245559 -17.448941 -17.444000
2.206520e+01 -19.209746 -18.957157 -18.875278 -18.733935 -18.921232 -17.253060 -17.458361 -17.447045
2.228120e+01 -19.184012 -18.947229 -18.877031 -18.735014 -18.924993 -17.258061 -17.468363 -17.450640
2.249720e+01 -19.160568 -18.936493 -18.878858 -18.736560 -18.927520 -17.265562 -17.480281 -17.456188
2.271320e+01 -19.133534 -18.926684 -18.882772 -18.738839 -18.930054 -17.273464 -17.492203 -17.459788
2.292920e+01 -19.106556 -18.916901 -18.884513 -18.738924 -18.932592 -17.280965 -17.506623 -17.467839
2.314520e+01 -19.078260 -18.904727 -18.888092 -18.740477 -18.935136 -17.290966 -17.521050 -17.476446
2.336120e+01 -19.048884 -18.894274 -18.889420 -18.738832 -18.936463 -17.299920 -17.536047 -17.485055
2.357720e+01 -19.016829 -18.879657 -18.886596 -18.736683 -18.937742 -17.309921 -17.548548 -17.495612
2.379320e+01 -18.982561 -18.863752 -18.880870 -18.731392 -18.939086 -17.318876 -17.562972 -17.506169
2.411710e+01 -18.930002 -18.835239 -18.865574 -18.719272 -18.939233 -17.331378 -17.582970 -17.524786
2.444110e+01 -18.873886 -18.802951 -18.843991 -18.706139 -18.936903 -17.342835 -17.603544 -17.545347
2.476510e+01 -18.819045 -18.768577 -18.821653 -18.691434 -18.938295 -17.355335 -17.626039 -17.568408
2.508910e+01 -18.763122 -18.733530 -18.799757 -18.678721 -18.939810 -17.368253 -17.651614 -17.594533
2.541310e+01 -18.705890 -18.697832 -18.778298 -18.668448 -18.941235 -17.384715 -17.679688 -17.622598
2.573710e+01 -18.649954 -18.662988 -18.761199 -18.661851 -18.943991 -17.404105 -17.712186 -17.653730
2.606110e+01 -18.591612 -18.628138 -18.746604 -18.657021 -18.949270 -17.425573 -17.745839 -17.686798
2.638510e+01 -18.532746 -18.588834 -18.751581 -18.659215 -18.940445 -17.449982 -17.784107 -17.729298
2.681700e+01 -18.451667 -18.542291 -18.739169 -18.661641 -18.951902 -17.484401 -17.834104 -17.776006
2.724900e+01 -18.368072 -18.492897 -18.724627 -18.662672 -18.963395 -17.519856 -17.882757 -17.824077
2.768100e+01 -18.282145 -18.441272 -18.710297 -18.666511 -18.978617 -17.554295 -17.930834 -17.870797
2.822100e+01 -18.171276 -18.375120 -18.692978 -18.669663 -18.998861 -17.601247 -17.991990 -17.931375
2.876100e+01 -18.055880 -18.307466 -18.674729 -18.670063 -19.015447 -17.647203 -18.054488 -17.988105
2.930090e+01 -17.934606 -18.235339 -18.654062 -18.666239 -19.023400 -17.691686 -18.112568 -18.044267
2.984090e+01 -17.808859 -18.159157 -18.624055 -18.653614 -19.025242 -17.733679 -18.163148 -18.094848
3.038090e+01 -17.678679 -18.076892 -18.585115 -18.637054 -19.021958 -17.770684 -18.204318 -18.141015
3.092090e+01 -17.551266 -17.993460 -18.539803 -18.617035 -19.018710 -17.806193 -18.240490 -18.187930
3.167680e+01 -17.385401 -17.881435 -18.478658 -18.595312 -19.018222 -17.856708 -18.292847 -18.252930
3.210880e+01 -17.297145 -17.819678 -18.454409 -18.593366 -19.016210 -17.888826 -18.331668 -18.294099
3.318880e+01 -17.098993 -17.676458 -18.396193 -18.587169 -19.038223 -17.973944 -18.421533 -18.385272
3.426870e+01 -16.905190 -17.528334 -18.336675 -18.578336 -19.062560 -18.056032 -18.507127 -18.466446
3.534870e+01 -16.705024 -17.374494 -18.272781 -18.560814 -19.068313 -18.127741 -18.580820 -18.537626
3.642870e+01 -16.499365 -17.218364 -18.198144 -18.524351 -19.053004 -18.166411 -18.623917 -18.580721
3.750860e+01 -16.305576 -17.066289 -18.108231 -18.473398 -19.016895 -18.177255 -18.633916 -18.595719
3.858860e+01 -16.138971 -16.936464 -18.033984 -18.428053 -18.991074 -18.203809 -18.655716 -18.627631
3.966850e+01 -16.008814 -16.827129 -17.975180 -18.399032 -18.982767 -18.249419 -18.698215 -18.672036
4.074850e+01 -15.891367 -16.725266 -17.918631 -18.369685 -18.971973 -18.289098 -18.733817 -18.711447
4.182840e+01 -15.767947 -16.621434 -17.859256 -18.333373 -18.950099 -18.309726 -18.756317 -18.733947
4.290840e+01 -15.646871 -16.516923 -17.790560 -18.289030 -18.916508 -18.284429 -18.738817 -18.716451
4.398840e+01 -15.516470 -16.409192 -17.716137 -18.229940 -18.871189 -18.234428 -18.695713 -18.682186
4.506830e+01 -15.396993 -16.312140 -17.646172 -18.176695 -18.828377 -18.222570 -18.679417 -18.678514
4.614830e+01 -15.295220 -16.230758 -17.588114 -18.134516 -18.798376 -18.237566 -18.688127 -18.699267
4.722820e+01 -15.203570 -16.158281 -17.532854 -18.092771 -18.764782 -18.241638 -18.688734 -18.708688
4.830820e+01 -15.112558 -16.083725 -17.475185 -18.049950 -18.727599 -18.219139 -18.671232 -18.693108
4.938810e+01 -15.014858 -16.005355 -17.411795 -17.998857 -18.683375 -18.148497 -18.613123 -18.641376
5.046810e+01 -14.909706 -15.921390 -17.343569 -17.942881 -18.629680 -18.055362 -18.535012 -18.576578
5.154800e+01 -14.809524 -15.841436 -17.281359 -17.889061 -18.572459 -18.007862 -18.491220 -18.549298
5.262800e+01 -14.722044 -15.774190 -17.229824 -17.846577 -18.528056 -17.984728 -18.464935 -18.542594
5.370800e+01 -14.645292 -15.715673 -17.179450 -17.806455 -18.484180 -17.938482 -18.424934 -18.515345
5.478790e+01 -14.566921 -15.658300 -17.132443 -17.763874 -18.438690 -17.861312 -18.364321 -18.465607
5.586790e+01 -14.486180 -15.598364 -17.081350 -17.721234 -18.390278 -17.747007 -18.273704 -18.388391
5.694780e+01 -14.408744 -15.539011 -17.034249 -17.680003 -18.340426 -17.628333 -18.180591 -18.313140
5.802780e+01 -14.336355 -15.485843 -16.992862 -17.645076 -18.293399 -17.552755 -18.118692 -18.272912
5.878380e+01 -14.296565 -15.453807 -16.966756 -17.624746 -18.265743 -17.519679 -18.086800 -18.251829
5.986370e+01 -14.236882 -15.412956 -16.937235 -17.597317 -18.227809 -17.461047 -18.036795 -18.217171
6.094370e+01 -14.180518 -15.374051 -16.905934 -17.569900 -18.189926 -17.392989 -17.978684 -18.170030
6.202360e+01 -14.123370 -15.332438 -16.871624 -17.540236 -18.152095 -17.318412 -17.914970 -18.113966
6.310360e+01 -14.067044 -15.290846 -16.838002 -17.512030 -18.114233 -17.249389 -17.851866 -18.062374
6.418350e+01 -14.016414 -15.251275 -16.808436 -17.486954 -18.079022 -17.188847 -17.798761 -18.020794
6.526350e+01 -13.966875 -15.217222 -16.782288 -17.463703 -18.041365 -17.134295 -17.751262 -17.984746
6.634350e+01 -13.916554 -15.183302 -16.757063 -17.438842 -18.006258 -17.078768 -17.703155 -17.945678
6.742340e+01 -13.865427 -15.147934 -16.728420 -17.413675 -17.971213 -17.023768 -17.652552 -17.903603
6.850340e+01 -13.813514 -15.110389 -16.696593 -17.386018 -17.937443 -16.967258 -17.599453 -17.858086
6.958330e+01 -13.765545 -15.072132 -16.667139 -17.360180 -17.904966 -16.913246 -17.548854 -17.816541
7.066330e+01 -13.716153 -15.036090 -16.640881 -17.337423 -17.870039 -16.859240 -17.503254 -17.778529
7.174320e+01 -13.667600 -15.002269 -16.616398 -17.314256 -17.832665 -16.809238 -17.458254 -17.744496
7.282320e+01 -13.618337 -14.969492 -16.590243 -17.290631 -17.799060 -16.760232 -17.415157 -17.707971
7.390320e+01 -13.569847 -14.933381 -16.560929 -17.264879 -17.767917 -16.715234 -17.372061 -17.672465
7.498310e+01 -13.521293 -14.896334 -16.530750 -17.237477 -17.739279 -16.670233 -17.331465 -17.636960
7.606310e+01 -13.471136 -14.857874 -16.502017 -17.213169 -17.708255 -16.621744 -17.290873 -17.603451
7.714300e+01 -13.422686 -14.824026 -16.475916 -17.190524 -17.674766 -16.572736 -17.250869 -17.570449
7.822300e+01 -13.374313 -14.789193 -16.450707 -17.165809 -17.641311 -16.523732 -17.210865 -17.538947
7.930290e+01 -13.325964 -14.754296 -16.422110 -17.140786 -17.607755 -16.481230 -17.175271 -17.508447
8.038290e+01 -13.277647 -14.717312 -16.392649 -17.114569 -17.580392 -16.442742 -17.142180 -17.480449
8.146280e+01 -13.228308 -14.678810 -16.360895 -17.088578 -17.554357 -16.404251 -17.111588 -17.452950
8.254280e+01 -13.179998 -14.642950 -16.333935 -17.064396 -17.525835 -16.361755 -17.077176 -17.426957
8.362280e+01 -13.129989 -14.608944 -16.307105 -17.040171 -17.496160 -16.316757 -17.044082 -17.398961
8.470270e+01 -13.081768 -14.574119 -16.278491 -17.014192 -17.462674 -16.272746 -17.009080 -17.370966
8.578270e+01 -13.036034 -14.538444 -16.249205 -16.988912 -17.434196 -16.234259 -16.980992 -17.345474
8.686260e+01 -12.986818 -14.501271 -16.219761 -16.962753 -17.408037 -16.202283 -16.955987 -17.322974
8.794260e+01 -12.936886 -14.463851 -16.188103 -16.936276 -17.385730 -16.168797 -16.930990 -17.302480
8.902250e+01 -12.889441 -14.429078 -16.159545 -16.912161 -17.358425 -16.130315 -16.903488 -17.279980
9.010250e+01 -12.840256 -14.393075 -16.132603 -16.887630 -17.328627 -16.090312 -16.875984 -17.256990
9.118240e+01 -12.794631 -14.358582 -16.103292 -16.860969 -17.297694 -16.050318 -16.847896 -17.234000
9.226240e+01 -12.746598 -14.322731 -16.073256 -16.833725 -17.271552 -16.016834 -16.823482 -17.211990
9.334240e+01 -12.697426 -14.286514 -16.042330 -16.808359 -17.249268 -15.986838 -16.802891 -17.194000
9.442230e+01 -12.650099 -14.249686 -16.012946 -16.783623 -17.225634 -15.957375 -16.782890 -17.176500
9.550230e+01 -12.600979 -14.215757 -15.983796 -16.758477 -17.199498 -15.923896 -16.760975 -17.156989
9.658220e+01 -12.555493 -14.181318 -15.954496 -16.731875 -17.169728 -15.888898 -16.737885 -17.138998
9.766220e+01 -12.508212 -14.145538 -15.925192 -16.705320 -17.141092 -15.853902 -16.715383 -17.118998
9.874210e+01 -12.459127 -14.110509 -15.894281 -16.679551 -17.116334 -15.823902 -16.692882 -17.101009
9.982210e+01 -12.412530 -14.074756 -15.864296 -16.654168 -17.095204 -15.794447 -16.672879 -17.083508
1.009020e+02 -12.365320 -14.040126 -15.834997 -16.628455 -17.071581 -15.764449 -16.652879 -17.066009
1.019820e+02 -12.320595 -14.007869 -15.806597 -16.603990 -17.042955 -15.735001 -16.632877 -17.051009
1.030620e+02 -12.273384 -13.974430 -15.779070 -16.578496 -17.015455 -15.705004 -16.612875 -17.033507
1.041420e+02 -12.226217 -13.939699 -15.748177 -16.552324 -16.988209 -15.675006 -16.592872 -17.016010
1.052220e+02 -12.179061 -13.905044 -15.719004 -16.526622 -16.964588 -15.646534 -16.570961 -17.000521
1.063020e+02 -12.133736 -13.870697 -15.689759 -16.501922 -16.940969 -15.618061 -16.550959 -16.983020
1.073820e+02 -12.089090 -13.839817 -15.664689 -16.477932 -16.915968 -15.589596 -16.532869 -16.967532
1.084620e+02 -12.041956 -13.807419 -15.636307 -16.453895 -16.889851 -15.562097 -16.513456 -16.952532
1.095420e+02 -11.997338 -13.774286 -15.609528 -16.429864 -16.863735 -15.533628 -16.493454 -16.935521
1.106220e+02 -11.952138 -13.741026 -15.580408 -16.405177 -16.840120 -15.506132 -16.474042 -16.920032
1.117020e+02 -11.907573 -13.707779 -15.551991 -16.380596 -16.817619 -15.480164 -16.455952 -16.904544
1.127820e+02 -11.863657 -13.676979 -15.526223 -16.356984 -16.795119 -15.451699 -16.436539 -16.889546
1.138620e+02 -11.820983 -13.645202 -15.500194 -16.334439 -16.771506 -15.426702 -16.418448 -16.874546
1.149410e+02 -11.777087 -13.615381 -15.473536 -16.310455 -16.746506 -15.399204 -16.400947 -16.859543
1.159130e+02 -11.740071 -13.587383 -15.448629 -16.288290 -16.725394 -15.375740 -16.384036 -16.846559
1.168850e+02 -11.700611 -13.557987 -15.422771 -16.267184 -16.704282 -15.352277 -16.366535 -16.832044
1.178570e+02 -11.661762 -13.529807 -15.398617 -16.246501 -16.685674 -15.329779 -16.351534 -16.819059
1.189370e+02 -11.619800 -13.500373 -15.373598 -16.223971 -16.663173 -15.303819 -16.334033 -16.804060
1.199090e+02 -11.583465 -13.474571 -15.349559 -16.202918 -16.643173 -15.282857 -16.317121 -16.791557
1.208810e+02 -11.546545 -13.447850 -15.326994 -16.181820 -16.622065 -15.259400 -16.302120 -16.779059
1.218530e+02 -11.510224 -13.420992 -15.302843 -16.160724 -16.600958 -15.236902 -16.286529 -16.766074
1.228250e+02 -11.473909 -13.393055 -15.278695 -16.139629 -16.579853 -15.214402 -16.271527 -16.753575
1.239050e+02 -11.434514 -13.364797 -15.252095 -16.117112 -16.557354 -15.190947 -16.254616 -16.740588
1.248770e+02 -11.400132 -13.339374 -15.230402 -16.097536 -16.539853 -15.169991 -16.239616 -16.728088
1.258490e+02 -11.366339 -13.313811 -15.206371 -16.076492 -16.519853 -15.147493 -16.224615 -16.715588
1.268210e+02 -11.330649 -13.288212 -15.184615 -16.057855 -16.500147 -15.126538 -16.209613 -16.703089
1.277930e+02 -11.296883 -13.263745 -15.160587 -16.036815 -16.480148 -15.105585 -16.194613 -16.690589
1.287650e+02 -11.262533 -13.238352 -15.138137 -16.015727 -16.459046 -15.083087 -16.179612 -16.680105
1.298450e+02 -11.226280 -13.210456 -15.113121 -15.993651 -16.439047 -15.059637 -16.162702 -16.665107
1.308170e+02 -11.194444 -13.186184 -15.089909 -15.974689 -16.419046 -15.039637 -16.147701 -16.655104
1.317890e+02 -11.161291 -13.161885 -15.067458 -15.954034 -16.400447 -15.019639 -16.135199 -16.642606
1.327610e+02 -11.130038 -13.138871 -15.045935 -15.935455 -16.381850 -15.000238 -16.120198 -16.630106
1.337330e+02 -11.098805 -13.114762 -15.024251 -15.915454 -16.361850 -14.980238 -16.105198 -16.619623
1.348130e+02 -11.064518 -13.089231 -14.999351 -15.892964 -16.339350 -14.956791 -16.090196 -16.607122
1.357850e+02 -11.033858 -13.065128 -14.977667 -15.873346 -16.320752 -14.936792 -16.075788 -16.594621
1.367570e+02 -11.002660 -13.042135 -14.955381 -15.853789 -16.303253 -14.916794 -16.062694 -16.584144
1.377290e+02 -10.973948 -13.019288 -14.933752 -15.835216 -16.284656 -14.898350 -16.048286 -16.571640
1.387010e+02 -10.943314 -12.997376 -14.912234 -15.816691 -16.267157 -14.878350 -16.035786 -16.561641
1.396730e+02 -10.914610 -12.974531 -14.890555 -15.796690 -16.247158 -14.859906 -16.020784 -16.549139
1.399960e+02 -10.906527 -12.968139 -14.883218 -15.790620 -16.241063 -14.851462 -16.016377 -16.546639
