time U B V R I J H K
2.037028e+00 -11.410239 -10.357272 -9.819376 -11.021444 -11.534833 -12.375254 -14.062305 -13.082931
2.112455e+00 -10.898706 -11.566866 -11.572163 -12.294954 -12.789563 -13.963669 -13.334393 -14.347586
2.190675e+00 -12.417471 -12.525327 -12.478100 -13.379481 -13.483330 -14.531626 -13.662340 -14.665753
2.271792e+00 -12.845001 -13.244722 -13.294226 -13.864966 -13.781169 -14.557117 -15.155238 -14.591700
2.355913e+00 -13.795632 -13.989204 -14.258996 -14.452843 -14.226261 -15.400881 -15.360033 -15.255359
2.443148e+00 -14.119351 -14.348925 -14.590879 -14.908675 -14.447264 -15.455912 -15.300474 -15.242618
2.533613e+00 -14.644292 -14.769799 -14.935468 -15.064975 -14.606409 -15.511826 -15.476904 -15.803180
2.627428e+00 -14.939056 -14.962169 -15.083405 -15.221423 -14.728362 -15.561456 -15.466530 -15.784135
2.724717e+00 -15.258104 -15.062185 -15.323038 -15.428941 -14.871992 -15.704411 -15.904787 -15.478681
2.825608e+00 -15.384739 -15.234376 -15.334310 -15.492686 -15.125774 -15.801231 -15.899148 -16.188876
2.930235e+00 -15.591236 -15.445656 -15.575708 -15.789048 -15.381844 -15.985761 -15.839779 -15.715756
3.038736e+00 -15.820543 -15.587106 -15.706831 -15.880214 -15.500919 -15.932400 -15.721005 -15.956657
3.151255e+00 -15.927719 -15.768420 -15.875877 -15.984834 -15.613274 -15.981397 -15.931271 -16.103045
3.267940e+00 -16.144970 -15.882222 -15.977983 -16.169743 -15.704941 -16.195150 -16.021863 -16.228233
3.388946e+00 -16.271608 -16.007947 -16.082102 -16.288156 -15.910653 -16.170155 -16.217062 -16.136508
3.514432e+00 -16.385563 -16.093144 -16.215477 -16.378231 -15.994370 -16.191620 -16.292593 -16.363731
3.644565e+00 -16.567892 -16.221733 -16.317885 -16.502407 -16.058289 -16.181169 -16.466280 -16.372511
3.779516e+00 -16.658693 -16.350494 -16.453497 -16.622055 -16.229371 -16.377681 -16.542993 -16.498452
3.919465e+00 -16.812611 -16.436773 -16.517204 -16.713974 -16.347802 -16.408950 -16.500578 -16.557674
4.064595e+00 -16.948304 -16.552325 -16.624164 -16.833490 -16.504615 -16.558318 -16.642609 -16.550085
4.215100e+00 -17.034610 -16.664867 -16.728720 -16.954973 -16.570618 -16.677132 -16.738519 -16.642937
4.371177e+00 -17.157076 -16.779203 -16.841318 -17.048785 -16.624592 -16.657343 -16.715355 -16.665202
4.533034e+00 -17.288317 -16.877446 -16.926298 -17.123257 -16.720868 -16.732752 -16.811905 -16.734674
4.700883e+00 -17.396990 -16.955020 -17.024485 -17.247617 -16.857346 -16.907058 -16.932139 -16.776722
4.874948e+00 -17.519335 -17.031439 -17.104300 -17.317965 -16.935889 -16.845809 -17.003287 -16.874801
5.055458e+00 -17.610434 -17.150507 -17.199743 -17.393328 -17.052334 -16.948028 -17.033879 -16.956909
5.242653e+00 -17.728176 -17.226714 -17.281087 -17.476746 -17.133335 -16.982805 -17.079165 -17.143350
5.436778e+00 -17.808409 -17.312657 -17.362141 -17.570158 -17.176682 -17.126567 -17.019175 -17.018373
5.638092e+00 -17.917102 -17.399100 -17.451583 -17.653114 -17.271992 -17.144971 -17.181888 -17.167294
5.846861e+00 -18.009879 -17.488096 -17.536929 -17.716725 -17.356439 -17.199307 -17.271241 -17.187488
6.063359e+00 -18.109978 -17.564758 -17.597042 -17.799267 -17.402121 -17.298501 -17.314619 -17.176183
6.287873e+00 -18.200879 -17.629860 -17.670892 -17.880204 -17.509880 -17.344080 -17.354702 -17.302621
6.520702e+00 -18.296650 -17.723654 -17.739591 -17.943151 -17.590141 -17.423508 -17.459263 -17.399531
6.762152e+00 -18.377353 -17.798090 -17.829995 -18.020552 -17.642507 -17.481245 -17.447480 -17.394199
7.012541e+00 -18.468186 -17.869249 -17.884891 -18.091190 -17.736294 -17.502722 -17.504420 -17.465692
7.272203e+00 -18.554632 -17.941436 -17.947189 -18.150617 -17.796247 -17.611117 -17.602677 -17.466218
7.541479e+00 -18.636309 -18.032647 -18.043512 -18.213177 -17.860456 -17.638882 -17.630640 -17.589849
7.820726e+00 -18.705455 -18.093619 -18.098262 -18.275229 -17.921235 -17.742071 -17.577409 -17.639395
8.110313e+00 -18.797629 -18.167744 -18.175781 -18.344987 -18.017197 -17.764291 -17.718136 -17.673079
8.410623e+00 -18.875216 -18.230997 -18.233173 -18.393977 -18.069274 -17.823529 -17.731905 -17.691021
8.722052e+00 -18.938650 -18.284877 -18.294253 -18.452773 -18.123345 -17.886241 -17.737892 -17.740212
9.045013e+00 -19.007440 -18.369179 -18.353554 -18.513184 -18.205021 -17.947535 -17.751421 -17.775198
9.379933e+00 -19.078776 -18.432478 -18.417321 -18.578554 -18.265549 -17.996756 -17.788121 -17.807250
9.727255e+00 -19.139142 -18.503601 -18.483388 -18.634861 -18.320557 -18.032467 -17.822569 -17.859145
1.008744e+01 -19.194339 -18.568454 -18.538153 -18.675567 -18.344779 -18.050208 -17.839161 -17.785681
1.046096e+01 -19.251388 -18.630405 -18.600498 -18.718822 -18.393777 -18.054682 -17.791359 -17.851539
1.084831e+01 -19.294870 -18.695180 -18.652785 -18.768565 -18.435095 -18.115398 -17.869535 -17.880852
1.125000e+01 -19.351596 -18.749285 -18.703614 -18.812975 -18.476135 -18.127545 -17.877652 -17.906375
1.166656e+01 -19.392280 -18.810773 -18.765954 -18.847716 -18.500373 -18.137664 -17.843679 -17.864319
1.209856e+01 -19.431789 -18.863610 -18.812511 -18.885515 -18.544461 -18.166139 -17.858021 -17.916850
1.254655e+01 -19.461533 -18.926915 -18.872074 -18.919940 -18.547390 -18.131660 -17.867414 -17.824973
1.301112e+01 -19.492992 -18.972347 -18.930032 -18.955543 -18.559082 -18.183076 -17.870117 -17.860757
1.349289e+01 -19.519246 -19.020633 -18.974810 -18.979932 -18.578213 -18.147380 -17.849933 -17.764668
1.399251e+01 -19.532499 -19.061489 -19.024640 -19.002353 -18.583049 -18.163551 -17.783533 -17.826517
1.451063e+01 -19.543625 -19.098327 -19.063072 -19.030835 -18.575675 -18.139481 -17.784034 -17.711897
1.504793e+01 -19.547513 -19.133957 -19.102586 -19.043947 -18.581478 -18.127325 -17.769225 -17.673151
1.560513e+01 -19.534130 -19.166466 -19.145359 -19.059610 -18.558622 -18.095832 -17.736001 -17.641635
1.618296e+01 -19.521107 -19.194651 -19.177925 -19.080482 -18.551473 -18.079024 -17.741882 -17.625597
1.678218e+01 -19.497925 -19.212659 -19.212348 -19.087574 -18.534944 -18.054439 -17.686567 -17.634506
1.740360e+01 -19.469349 -19.234469 -19.233803 -19.098986 -18.513063 -18.033474 -17.653050 -17.489701
1.804802e+01 -19.435212 -19.247466 -19.261026 -19.102216 -18.491000 -17.983449 -17.647374 -17.485144
1.871630e+01 -19.386835 -19.256780 -19.279348 -19.101107 -18.454686 -17.923984 -17.606740 -17.428294
1.940933e+01 -19.343902 -19.261303 -19.293301 -19.097613 -18.422550 -17.892353 -17.573720 -17.370175
2.012802e+01 -19.285387 -19.256366 -19.298947 -19.080749 -18.388092 -17.834547 -17.508099 -17.326649
2.087333e+01 -19.227368 -19.244001 -19.303564 -19.077323 -18.358359 -17.794257 -17.534764 -17.347019
2.164623e+01 -19.160881 -19.225850 -19.300235 -19.058361 -18.319759 -17.735203 -17.495726 -17.241279
2.244774e+01 -19.088029 -19.201991 -19.291413 -19.033885 -18.279280 -17.697928 -17.488613 -17.331632
2.327894e+01 -19.008234 -19.165992 -19.272660 -19.007254 -18.247765 -17.628779 -17.462440 -17.248492
2.414092e+01 -18.930602 -19.121279 -19.248953 -18.968209 -18.210693 -17.550136 -17.567337 -17.291642
2.503481e+01 -18.832440 -19.064286 -19.211035 -18.920787 -18.184514 -17.451732 -17.599851 -17.322017
2.596181e+01 -18.724001 -18.990681 -19.168406 -18.873998 -18.149969 -17.407595 -17.707851 -17.416303
2.692312e+01 -18.609946 -18.910071 -19.107865 -18.805341 -18.124792 -17.290828 -17.793363 -17.581171
2.792004e+01 -18.488823 -18.812971 -19.055592 -18.749728 -18.109796 -17.148748 -17.956690 -17.692311
2.895387e+01 -18.355424 -18.707777 -18.982169 -18.684340 -18.091273 -17.028600 -18.018301 -17.772317
3.002597e+01 -18.221672 -18.598858 -18.911710 -18.618754 -18.076092 -16.935458 -18.188672 -17.837853
3.113778e+01 -18.087473 -18.475175 -18.833044 -18.569506 -18.102470 -16.805332 -18.277621 -17.963716
3.229075e+01 -17.931829 -18.353586 -18.758443 -18.536200 -18.143507 -16.816898 -18.378124 -18.079501
3.348642e+01 -17.786557 -18.227129 -18.674305 -18.510600 -18.200533 -16.889396 -18.484088 -18.197150
3.472636e+01 -17.614167 -18.090785 -18.601961 -18.504688 -18.264793 -16.982035 -18.571282 -18.275431
3.601222e+01 -17.445850 -17.960362 -18.530762 -18.502983 -18.327243 -17.097847 -18.620052 -18.334005
3.734568e+01 -17.280506 -17.827940 -18.457014 -18.501702 -18.390651 -17.165560 -18.659618 -18.353536
3.872852e+01 -17.112124 -17.687079 -18.383220 -18.486269 -18.419253 -17.238722 -18.712638 -18.420103
4.016256e+01 -16.927238 -17.552385 -18.308603 -18.480907 -18.466330 -17.312836 -18.700807 -18.447854
4.164970e+01 -16.769257 -17.432486 -18.239530 -18.448158 -18.471783 -17.358883 -18.711261 -18.418607
4.319192e+01 -16.636388 -17.321054 -18.159087 -18.413017 -18.474989 -17.391673 -18.650986 -18.431123
4.479123e+01 -16.472589 -17.207113 -18.083855 -18.357270 -18.450909 -17.419561 -18.659750 -18.415086
4.644977e+01 -16.332752 -17.106904 -17.996527 -18.296027 -18.406548 -17.397122 -18.630973 -18.385582
4.816972e+01 -16.205280 -17.025484 -17.919156 -18.214116 -18.343451 -17.363665 -18.549062 -18.309511
4.995336e+01 -16.068898 -16.933035 -17.833587 -18.123884 -18.265672 -17.321088 -18.492888 -18.233590
5.180304e+01 -15.969514 -16.866573 -17.747659 -18.027974 -18.179547 -17.218232 -18.420080 -18.178556
5.372120e+01 -15.807616 -16.797770 -17.669436 -17.925924 -18.054294 -17.104716 -18.325468 -18.087042
5.571040e+01 -15.622265 -16.732602 -17.593741 -17.817323 -17.930383 -16.938593 -18.239844 -17.924255
5.777325e+01 -15.481758 -16.685680 -17.529538 -17.724105 -17.807342 -16.791085 -18.144494 -17.873792
5.991249e+01 -15.300388 -16.643524 -17.466229 -17.630151 -17.687882 -16.642643 -18.054166 -17.741497
6.213094e+01 -15.176531 -16.608296 -17.405728 -17.549810 -17.565428 -16.537888 -17.958496 -17.625250
6.443153e+01 -15.012590 -16.548064 -17.351848 -17.453350 -17.439675 -16.406245 -17.844394 -17.501962
6.681731e+01 -14.865159 -16.496046 -17.296493 -17.372819 -17.324866 -16.338853 -17.751051 -17.402523
6.929144e+01 -14.683384 -16.431323 -17.241677 -17.282483 -17.223271 -16.208589 -17.640261 -17.294678
7.185717e+01 -14.477539 -16.356386 -17.168642 -17.180003 -17.099913 -16.141347 -17.518777 -17.147008
7.451791e+01 -14.215645 -16.284367 -17.117003 -17.086198 -16.997884 -16.087811 -17.376304 -16.985946
7.727716e+01 -13.955101 -16.201973 -17.048582 -17.005429 -16.878519 -16.025380 -17.228704 -16.800930
8.013859e+01 -13.627725 -16.113413 -16.974269 -16.906731 -16.764378 -15.994833 -17.120576 -16.555899
8.310597e+01 -13.284401 -16.014582 -16.901691 -16.832142 -16.658056 -16.037424 -17.005533 -16.438088
8.618323e+01 -13.027066 -15.902486 -16.826400 -16.751503 -16.556401 -15.980421 -16.878210 -16.217954
8.937444e+01 -12.629179 -15.773464 -16.731370 -16.673781 -16.470221 -15.999122 -16.717242 -16.027154
9.268381e+01 -12.308153 -15.608966 -16.606936 -16.593591 -16.389567 -16.076958 -16.564465 -15.760821
9.611572e+01 -11.868034 -15.413194 -16.480579 -16.536550 -16.348568 -16.199196 -16.496648 -15.585840
9.967470e+01 -11.439519 -15.171640 -16.327517 -16.469115 -16.328577 -16.315093 -16.398791 -15.320327
