time U B V R I J H K
4.140000e+00 -16.704740 -16.585697 -16.660632 -17.040098 -17.125083 -17.082176 -17.050046 -16.986274
4.220000e+00 -16.673056 -16.622762 -16.709359 -17.068538 -17.188121 -17.165376 -16.970444 -16.929715
4.310000e+00 -16.766686 -16.683077 -16.705142 -17.090821 -17.206663 -17.160072 -17.032895 -16.922173
4.400000e+00 -16.750587 -16.688154 -16.773409 -17.139627 -17.196286 -17.185363 -17.127471 -16.956700
4.490000e+00 -16.805187 -16.705782 -16.801203 -17.133271 -17.218062 -17.169541 -17.033238 -16.775963
4.580000e+00 -16.801549 -16.747039 -16.821631 -17.158908 -17.270186 -17.211357 -17.105820 -16.952458
4.680000e+00 -16.822030 -16.774328 -16.882701 -17.222040 -17.285189 -17.220604 -17.131028 -17.090067
4.770000e+00 -16.833648 -16.794062 -16.873377 -17.234685 -17.324455 -17.236066 -17.169054 -16.979696
4.870000e+00 -16.850011 -16.804979 -16.913840 -17.283935 -17.335404 -17.330211 -17.201539 -17.059700
4.970000e+00 -16.883197 -16.865053 -16.949888 -17.314076 -17.419191 -17.343271 -17.161991 -17.034919
5.080000e+00 -16.926474 -16.902088 -16.977876 -17.344501 -17.416336 -17.405730 -17.206166 -17.237310
5.180000e+00 -16.941195 -16.919182 -17.029783 -17.373047 -17.387663 -17.411236 -17.284693 -17.149337
5.290000e+00 -17.041025 -16.969467 -17.037177 -17.390848 -17.520151 -17.389756 -17.260907 -17.166084
5.400000e+00 -17.064784 -16.990877 -17.056172 -17.465618 -17.553961 -17.452358 -17.457321 -17.340132
5.510000e+00 -17.123600 -17.031538 -17.124302 -17.500974 -17.598442 -17.477544 -17.359480 -17.229128
5.620000e+00 -17.210045 -17.066704 -17.138657 -17.533368 -17.623591 -17.501246 -17.480259 -17.515395
5.740000e+00 -17.288494 -17.105862 -17.209718 -17.599769 -17.733769 -17.617395 -17.464656 -17.442632
5.860000e+00 -17.322416 -17.170006 -17.227569 -17.605977 -17.760092 -17.672604 -17.547827 -17.560107
5.980000e+00 -17.365575 -17.175173 -17.261726 -17.640850 -17.793284 -17.654706 -17.590670 -17.560044
6.100000e+00 -17.395826 -17.245949 -17.312243 -17.702299 -17.800194 -17.657057 -17.599791 -17.401583
6.230000e+00 -17.478415 -17.293153 -17.368916 -17.732859 -17.802518 -17.717190 -17.586121 -17.426153
6.360000e+00 -17.506486 -17.307229 -17.376719 -17.784253 -17.887526 -17.798642 -17.621857 -17.512145
6.490000e+00 -17.573837 -17.346598 -17.410240 -17.809674 -17.915232 -17.823143 -17.747648 -17.535366
6.620000e+00 -17.571195 -17.413128 -17.469501 -17.863347 -17.946130 -17.880821 -17.753973 -17.481107
6.760000e+00 -17.652371 -17.438392 -17.520803 -17.903134 -17.997470 -17.829107 -17.776027 -17.618032
6.900000e+00 -17.666136 -17.488722 -17.556530 -17.948014 -18.065034 -17.915896 -17.811065 -17.718008
7.040000e+00 -17.706035 -17.522911 -17.586421 -17.991410 -18.138518 -17.920761 -17.824487 -17.860574
7.190000e+00 -17.759159 -17.563745 -17.658004 -18.026965 -18.133305 -17.950480 -17.827225 -17.765647
7.340000e+00 -17.824221 -17.604733 -17.677430 -18.070569 -18.211174 -18.006714 -17.904631 -17.810091
7.490000e+00 -17.840883 -17.659153 -17.723226 -18.128863 -18.239829 -18.059827 -17.908270 -17.838712
7.650000e+00 -17.908477 -17.695474 -17.748246 -18.159162 -18.258830 -18.044584 -17.978676 -17.914855
7.800000e+00 -17.978505 -17.748931 -17.815607 -18.202605 -18.315922 -18.062258 -17.961725 -17.946166
7.960000e+00 -18.026448 -17.778615 -17.851820 -18.263193 -18.319020 -18.109824 -18.055212 -17.957111
8.130000e+00 -18.104727 -17.814347 -17.892065 -18.295453 -18.355066 -18.163464 -18.085259 -18.050192
8.300000e+00 -18.139110 -17.882792 -17.925965 -18.320972 -18.367030 -18.144462 -18.108696 -18.040260
8.470000e+00 -18.131025 -17.897844 -17.980008 -18.370541 -18.418265 -18.132213 -18.151692 -18.012941
8.640000e+00 -18.150010 -17.967915 -18.035748 -18.400453 -18.446552 -18.203485 -18.158136 -18.067071
8.820000e+00 -18.200371 -18.003148 -18.062876 -18.443130 -18.489575 -18.220629 -18.167783 -18.062304
9.010000e+00 -18.249817 -18.047883 -18.091511 -18.466424 -18.528150 -18.280829 -18.145471 -18.140447
9.190000e+00 -18.317482 -18.086181 -18.147907 -18.513834 -18.551240 -18.254146 -18.227153 -18.107204
9.380000e+00 -18.342135 -18.128360 -18.181256 -18.530509 -18.579350 -18.311795 -18.232349 -18.178901
9.580000e+00 -18.357423 -18.166141 -18.234088 -18.582864 -18.627608 -18.348188 -18.199632 -18.168209
9.770000e+00 -18.384818 -18.199441 -18.257164 -18.614136 -18.658245 -18.345091 -18.241170 -18.223257
9.980000e+00 -18.417752 -18.244255 -18.304289 -18.655313 -18.684887 -18.348638 -18.260786 -18.259575
1.018000e+01 -18.423807 -18.284888 -18.361945 -18.688241 -18.725302 -18.391530 -18.248386 -18.296589
1.039000e+01 -18.465809 -18.327029 -18.398833 -18.726032 -18.747442 -18.391335 -18.258632 -18.250909
1.061000e+01 -18.493014 -18.341962 -18.434702 -18.751933 -18.798512 -18.401082 -18.274662 -18.272227
1.083000e+01 -18.523006 -18.405677 -18.464457 -18.787535 -18.822767 -18.414034 -18.302290 -18.356862
1.105000e+01 -18.529641 -18.433101 -18.498086 -18.816375 -18.852409 -18.449922 -18.259771 -18.387803
1.128000e+01 -18.540109 -18.468142 -18.538219 -18.846260 -18.865623 -18.405863 -18.238327 -18.356339
1.151000e+01 -18.552045 -18.508671 -18.595850 -18.878911 -18.888358 -18.465852 -18.249348 -18.375309
1.175000e+01 -18.537488 -18.536153 -18.618516 -18.907008 -18.916203 -18.417691 -18.318185 -18.295478
1.199000e+01 -18.594107 -18.578685 -18.655238 -18.928036 -18.940377 -18.438165 -18.260499 -18.321824
1.224000e+01 -18.621101 -18.607021 -18.691341 -18.962832 -18.986484 -18.445570 -18.288501 -18.294368
1.250000e+01 -18.655468 -18.649264 -18.724506 -18.978771 -18.998141 -18.421238 -18.259434 -18.282643
1.275000e+01 -18.664778 -18.688200 -18.766149 -18.997785 -18.993229 -18.426716 -18.257002 -18.277508
1.302000e+01 -18.693784 -18.714906 -18.797320 -19.023165 -19.027103 -18.398954 -18.202496 -18.224826
1.329000e+01 -18.722982 -18.752891 -18.829515 -19.042221 -19.059881 -18.375801 -18.218633 -18.259666
1.356000e+01 -18.725378 -18.786532 -18.864458 -19.078722 -19.072546 -18.315141 -18.209006 -18.192476
1.384000e+01 -18.740989 -18.823012 -18.903905 -19.091164 -19.085966 -18.366586 -18.161455 -18.253004
1.413000e+01 -18.751766 -18.854197 -18.931295 -19.116554 -19.096652 -18.320689 -18.162755 -18.182404
1.442000e+01 -18.747346 -18.896110 -18.959254 -19.125600 -19.086385 -18.301642 -18.123993 -18.188221
1.472000e+01 -18.741413 -18.917998 -18.983271 -19.149816 -19.112652 -18.272927 -18.080847 -18.137968
1.502000e+01 -18.743584 -18.945941 -19.026556 -19.174501 -19.124061 -18.242208 -18.069891 -18.066268
1.534000e+01 -18.736272 -18.977982 -19.055179 -19.192693 -19.142646 -18.211584 -18.012140 -18.035707
1.565000e+01 -18.761163 -18.994372 -19.082200 -19.201139 -19.161690 -18.190190 -18.020790 -18.046212
1.598000e+01 -18.780248 -19.029441 -19.105459 -19.213136 -19.160853 -18.096725 -18.006284 -17.939562
1.631000e+01 -18.764863 -19.055785 -19.130444 -19.219716 -19.172874 -18.107094 -18.039176 -17.886943
1.664000e+01 -18.766378 -19.077495 -19.156560 -19.240767 -19.176758 -18.040162 -17.964672 -17.953350
1.699000e+01 -18.760252 -19.100738 -19.186934 -19.253331 -19.213203 -18.011560 -17.920677 -17.899567
1.734000e+01 -18.739835 -19.117595 -19.206475 -19.267272 -19.212761 -17.954271 -17.872569 -17.809265
1.770000e+01 -18.734720 -19.140087 -19.234812 -19.273440 -19.238752 -17.898535 -17.864715 -17.820715
1.806000e+01 -18.704085 -19.151409 -19.255198 -19.284094 -19.246826 -17.878337 -17.868807 -17.765784
1.844000e+01 -18.687056 -19.167528 -19.272255 -19.290988 -19.256584 -17.788408 -17.872842 -17.672626
1.882000e+01 -18.708840 -19.179845 -19.288927 -19.301217 -19.288667 -17.780271 -17.804075 -17.749293
1.921000e+01 -18.694613 -19.182955 -19.314408 -19.307239 -19.276827 -17.734007 -17.844509 -17.671223
1.961000e+01 -18.673415 -19.194110 -19.332938 -19.308065 -19.262259 -17.706625 -17.869415 -17.713121
2.001000e+01 -18.617005 -19.190547 -19.346236 -19.305897 -19.266189 -17.652759 -17.899269 -17.610589
2.042000e+01 -18.572635 -19.185198 -19.357416 -19.313318 -19.281218 -17.617831 -17.877291 -17.672036
2.085000e+01 -18.530433 -19.178605 -19.368448 -19.297138 -19.287690 -17.531796 -17.936319 -17.690174
2.128000e+01 -18.492756 -19.167574 -19.385698 -19.299896 -19.297100 -17.512233 -17.975018 -17.748186
2.172000e+01 -18.442076 -19.150325 -19.389411 -19.287336 -19.312304 -17.483326 -18.064488 -17.768694
2.217000e+01 -18.387529 -19.124107 -19.395182 -19.270713 -19.326150 -17.473406 -18.133468 -17.838767
2.263000e+01 -18.304685 -19.098986 -19.399265 -19.274491 -19.338022 -17.437605 -18.203510 -17.871434
2.309000e+01 -18.270560 -19.067022 -19.404400 -19.253266 -19.358945 -17.392854 -18.265124 -17.975955
2.357000e+01 -18.173741 -19.013546 -19.403302 -19.235640 -19.350825 -17.423419 -18.352531 -17.976388
2.406000e+01 -18.115843 -18.970151 -19.397087 -19.226534 -19.356009 -17.374903 -18.448990 -18.123101
2.456000e+01 -18.043248 -18.923690 -19.378405 -19.202274 -19.378519 -17.408322 -18.559732 -18.239884
2.506000e+01 -17.956729 -18.869679 -19.362132 -19.183146 -19.384703 -17.410018 -18.612994 -18.224318
2.558000e+01 -17.867630 -18.807906 -19.335431 -19.161445 -19.371642 -17.367526 -18.699617 -18.386169
2.611000e+01 -17.802652 -18.742269 -19.299907 -19.130125 -19.341214 -17.392907 -18.774581 -18.482133
2.665000e+01 -17.681925 -18.668018 -19.251809 -19.093811 -19.315639 -17.368307 -18.862366 -18.561002
2.720000e+01 -17.559672 -18.595132 -19.203274 -19.070037 -19.333065 -17.370394 -18.968180 -18.680987
2.777000e+01 -17.438366 -18.513493 -19.146487 -19.045147 -19.352245 -17.426186 -19.061389 -18.772967
2.834000e+01 -17.347852 -18.429543 -19.086023 -19.015265 -19.384683 -17.468805 -19.124609 -18.866907
2.893000e+01 -17.261727 -18.338534 -19.019099 -18.990246 -19.402498 -17.536412 -19.185833 -18.934358
2.952000e+01 -17.160570 -18.244413 -18.954307 -18.967387 -19.406069 -17.619010 -19.237476 -19.003363
3.014000e+01 -17.045889 -18.148942 -18.883910 -18.927878 -19.372699 -17.695488 -19.297386 -19.071941
3.076000e+01 -16.940777 -18.050115 -18.822796 -18.901774 -19.360163 -17.832520 -19.326304 -19.113839
3.139000e+01 -16.801301 -17.947052 -18.744853 -18.874763 -19.336358 -17.945306 -19.373398 -19.231780
3.204000e+01 -16.680517 -17.856978 -18.683352 -18.836829 -19.289842 -18.035484 -19.390091 -19.227798
3.271000e+01 -16.548973 -17.754349 -18.605205 -18.803727 -19.278140 -18.148482 -19.388220 -19.269825
3.338000e+01 -16.436459 -17.658698 -18.550510 -18.778895 -19.250940 -18.257767 -19.381315 -19.283947
3.407000e+01 -16.319243 -17.571074 -18.489161 -18.746653 -19.220778 -18.306624 -19.358770 -19.243302
3.478000e+01 -16.169466 -17.482040 -18.439122 -18.720579 -19.208653 -18.349156 -19.366003 -19.257270
3.550000e+01 -16.057982 -17.395750 -18.392425 -18.707646 -19.270640 -18.368321 -19.354826 -19.241691
3.623000e+01 -15.923720 -17.322789 -18.336233 -18.681103 -19.244512 -18.371489 -19.325813 -19.222082
3.698000e+01 -15.810122 -17.255019 -18.295983 -18.645107 -19.223548 -18.385766 -19.317908 -19.197269
3.775000e+01 -15.709565 -17.186410 -18.239758 -18.600553 -19.184875 -18.372983 -19.287437 -19.188294
3.853000e+01 -15.609104 -17.129599 -18.201793 -18.552188 -19.130308 -18.348066 -19.251617 -19.159119
3.932000e+01 -15.464412 -17.061963 -18.149057 -18.511066 -19.067997 -18.320785 -19.217989 -19.119874
4.014000e+01 -15.378205 -17.016791 -18.105330 -18.467853 -19.025521 -18.246800 -19.173441 -19.035101
4.097000e+01 -15.270929 -16.965944 -18.061627 -18.412789 -18.962077 -18.162241 -19.129922 -19.006748
4.181000e+01 -15.153864 -16.909177 -18.017579 -18.357004 -18.926037 -18.109943 -19.073046 -18.917599
4.268000e+01 -15.072798 -16.863851 -17.964145 -18.309517 -18.887199 -18.043858 -19.041755 -18.832722
4.356000e+01 -15.039396 -16.818898 -17.923768 -18.259301 -18.813544 -17.957888 -18.978120 -18.744530
4.446000e+01 -15.010313 -16.779091 -17.877682 -18.201870 -18.752423 -17.853604 -18.915373 -18.712731
4.538000e+01 -14.863907 -16.744398 -17.823304 -18.146673 -18.704232 -17.737209 -18.891444 -18.578015
4.632000e+01 -14.822444 -16.712237 -17.780885 -18.084875 -18.632666 -17.612008 -18.797939 -18.478070
4.728000e+01 -14.706431 -16.684089 -17.740002 -18.018507 -18.575456 -17.515162 -18.723230 -18.405235
4.826000e+01 -14.707605 -16.659123 -17.677323 -17.957272 -18.530942 -17.345187 -18.659139 -18.312917
4.926000e+01 -14.627067 -16.634121 -17.658879 -17.902925 -18.462516 -17.198359 -18.582762 -18.161182
5.027000e+01 -14.585502 -16.635165 -17.618831 -17.837079 -18.395651 -17.081803 -18.511752 -18.107244
5.131000e+01 -14.611341 -16.627334 -17.596510 -17.782177 -18.332566 -16.958257 -18.429986 -18.027547
5.238000e+01 -14.556357 -16.626741 -17.566958 -17.721372 -18.262630 -16.824049 -18.373409 -17.891803
5.346000e+01 -14.530279 -16.640959 -17.543828 -17.660931 -18.203179 -16.712272 -18.267377 -17.741528
5.456000e+01 -14.561218 -16.649772 -17.538685 -17.605131 -18.143445 -16.545729 -18.191656 -17.659637
5.569000e+01 -14.608897 -16.651943 -17.520442 -17.545689 -18.083882 -16.403678 -18.080161 -17.592144
5.684000e+01 -14.661075 -16.651769 -17.511201 -17.487874 -18.019605 -16.271137 -17.985588 -17.486348
5.802000e+01 -14.663651 -16.645041 -17.464253 -17.424137 -17.942834 -16.184506 -17.891670 -17.289384
5.922000e+01 -14.677877 -16.659895 -17.455598 -17.368939 -17.872465 -16.038489 -17.792568 -17.248358
6.045000e+01 -14.781630 -16.670594 -17.449041 -17.298680 -17.827234 -15.977421 -17.681276 -17.085735
6.170000e+01 -14.738989 -16.658886 -17.406566 -17.232432 -17.770134 -15.835299 -17.596177 -16.928000
6.297000e+01 -14.831757 -16.635941 -17.376156 -17.159128 -17.730262 -15.748705 -17.478427 -16.886295
6.427000e+01 -14.839459 -16.641219 -17.344730 -17.096212 -17.661593 -15.674199 -17.358343 -16.645321
6.560000e+01 -14.831452 -16.645814 -17.320645 -17.016812 -17.574028 -15.571413 -17.245800 -16.665305
6.696000e+01 -14.880186 -16.631562 -17.307759 -16.933858 -17.505109 -15.411864 -17.148373 -16.345376
6.835000e+01 -14.863824 -16.629555 -17.279044 -16.866708 -17.425244 -15.302970 -16.978438 -16.383249
6.976000e+01 -14.920547 -16.612120 -17.254311 -16.784793 -17.364577 -15.168918 -16.880928 -16.166996
7.120000e+01 -14.970210 -16.604150 -17.223975 -16.715007 -17.296041 -15.134678 -16.736833 -16.071148
7.267000e+01 -14.942921 -16.576059 -17.184014 -16.623977 -17.218365 -15.047894 -16.610934 -16.041569
7.418000e+01 -14.984829 -16.544114 -17.148454 -16.550730 -17.160923 -14.990566 -16.551843 -15.906450
7.571000e+01 -14.960535 -16.519817 -17.099019 -16.484171 -17.103377 -14.848349 -16.392546 -15.821407
7.728000e+01 -14.971216 -16.493796 -17.056447 -16.388676 -17.059117 -14.722425 -16.290191 -15.716055
7.888000e+01 -14.947043 -16.455905 -17.014811 -16.317606 -16.985077 -14.776416 -16.220908 -15.538109
