time U B V R I J H K
1.991700e+02 -13.489146 -14.055045 -14.124703 -13.214481 -12.292706 -11.199278 -12.307572 -14.111314
2.020300e+02 -13.420762 -14.015746 -14.082012 -13.165532 -12.243385 -11.159209 -12.318572 -14.051747
2.049300e+02 -13.364829 -13.973598 -14.031855 -13.097672 -12.202431 -11.178539 -12.267765 -14.044723
2.078800e+02 -13.302830 -13.932188 -13.994459 -13.032558 -12.184538 -11.152563 -12.227320 -14.038419
2.108700e+02 -13.245576 -13.891929 -13.948120 -12.974019 -12.133365 -11.134828 -12.236344 -13.975156
2.139000e+02 -13.182783 -13.852063 -13.907331 -12.912888 -12.083036 -11.135218 -12.220120 -13.973048
2.169700e+02 -13.127236 -13.804980 -13.861390 -12.844018 -12.071968 -11.142294 -12.164029 -13.930348
2.200900e+02 -13.048368 -13.758581 -13.812580 -12.780586 -12.029406 -11.135113 -12.177727 -13.913801
2.232500e+02 -12.996136 -13.716654 -13.770646 -12.718693 -11.983513 -11.141470 -12.137497 -13.864981
2.264600e+02 -12.930074 -13.676231 -13.730296 -12.655772 -11.940335 -11.128324 -12.117410 -13.824972
2.297200e+02 -12.856694 -13.630022 -13.684066 -12.593851 -11.915092 -11.129761 -12.095252 -13.828603
2.330200e+02 -12.793103 -13.585294 -13.640076 -12.522057 -11.865736 -11.124548 -12.128646 -13.806946
2.363700e+02 -12.722065 -13.542807 -13.592499 -12.471262 -11.848036 -11.115555 -12.094524 -13.779706
2.397700e+02 -12.656596 -13.496662 -13.549755 -12.392743 -11.815638 -11.147197 -12.058215 -13.756824
2.432100e+02 -12.590077 -13.450361 -13.499105 -12.333158 -11.780296 -11.098098 -12.059190 -13.712203
2.467100e+02 -12.522637 -13.405767 -13.456847 -12.273690 -11.734977 -11.093390 -12.061413 -13.694340
2.502500e+02 -12.448983 -13.354124 -13.405362 -12.212668 -11.722043 -11.149520 -12.070541 -13.646016
2.538500e+02 -12.387128 -13.305111 -13.353257 -12.149210 -11.689824 -11.114951 -12.068549 -13.610606
2.575000e+02 -12.317399 -13.254487 -13.301847 -12.074471 -11.655226 -11.120460 -12.049915 -13.606321
2.612000e+02 -12.242476 -13.199969 -13.249713 -12.008043 -11.632445 -11.144632 -12.032031 -13.536188
2.649600e+02 -12.176253 -13.151871 -13.197509 -11.936326 -11.593571 -11.130901 -12.030998 -13.523005
2.687600e+02 -12.108602 -13.101105 -13.148472 -11.873511 -11.553134 -11.163177 -12.032969 -13.507960
2.726300e+02 -12.037246 -13.049319 -13.095652 -11.806274 -11.537112 -11.144739 -12.020734 -13.478618
2.765500e+02 -11.953645 -13.000130 -13.043570 -11.738346 -11.514002 -11.177840 -12.053589 -13.445693
2.805200e+02 -11.892847 -12.951299 -12.990775 -11.673877 -11.480661 -11.152544 -12.044455 -13.424766
2.845500e+02 -11.823271 -12.898403 -12.935726 -11.608362 -11.458792 -11.184752 -12.030000 -13.382905
2.886400e+02 -11.756138 -12.846568 -12.889804 -11.557414 -11.432313 -11.213045 -12.014769 -13.352318
2.927900e+02 -11.683763 -12.791650 -12.832618 -11.487053 -11.408295 -11.195959 -12.043406 -13.294169
2.970000e+02 -11.612216 -12.738305 -12.776047 -11.420730 -11.382135 -11.229682 -12.052268 -13.284917
3.012700e+02 -11.542497 -12.683145 -12.723744 -11.363956 -11.364016 -11.216230 -12.048481 -13.247821
3.056000e+02 -11.476609 -12.625274 -12.664398 -11.291309 -11.353518 -11.273002 -12.082899 -13.217737
3.099900e+02 -11.405755 -12.568006 -12.610030 -11.225243 -11.329043 -11.269854 -12.071866 -13.185895
3.144500e+02 -11.339715 -12.513380 -12.547637 -11.156083 -11.294961 -11.294130 -12.077882 -13.145404
3.189700e+02 -11.263578 -12.453265 -12.489740 -11.093950 -11.284232 -11.332952 -12.145475 -13.106409
3.235500e+02 -11.191880 -12.398320 -12.428583 -11.026651 -11.258923 -11.334497 -12.137650 -13.038227
3.282000e+02 -11.119054 -12.336484 -12.364103 -10.971191 -11.238001 -11.375021 -12.162850 -13.011023
3.329200e+02 -11.037004 -12.276674 -12.310164 -10.909683 -11.232628 -11.383910 -12.175035 -12.966750
3.377100e+02 -10.971642 -12.209775 -12.243985 -10.857994 -11.207345 -11.387590 -12.193869 -12.951272
3.425600e+02 -10.897359 -12.151063 -12.182367 -10.788951 -11.179932 -11.422184 -12.208956 -12.883429
3.474800e+02 -10.818589 -12.084248 -12.114183 -10.723442 -11.169271 -11.443119 -12.227765 -12.838405
3.524800e+02 -10.743442 -12.019479 -12.043336 -10.665744 -11.142309 -11.465926 -12.257389 -12.798593
3.575500e+02 -10.666041 -11.952100 -11.983451 -10.599713 -11.125890 -11.488504 -12.267084 -12.756418
3.626800e+02 -10.592119 -11.887310 -11.913173 -10.534529 -11.097060 -11.499897 -12.285869 -12.694824
3.679000e+02 -10.528122 -11.816578 -11.843215 -10.466439 -11.076534 -11.536453 -12.320987 -12.640171
3.731900e+02 -10.444657 -11.747164 -11.772206 -10.402614 -11.042968 -11.537547 -12.333372 -12.582972
3.785500e+02 -10.364193 -11.673888 -11.699653 -10.336679 -11.020622 -11.575240 -12.348709 -12.537978
3.839900e+02 -10.287274 -11.599798 -11.619458 -10.270952 -10.988002 -11.587005 -12.371809 -12.481624
3.895100e+02 -10.198154 -11.514088 -11.533852 -10.205084 -10.969113 -11.611793 -12.392667 -12.413938
3.951100e+02 -10.086174 -11.413036 -11.435136 -10.108379 -10.907238 -11.612683 -12.390396 -12.310658
4.007900e+02 -9.967210 -11.284714 -11.305834 -9.993284 -10.827290 -11.572732 -12.343728 -12.203630
