time U B V R I J H K
2.037028e+00 -11.472438 -10.346654 -9.834518 -10.936127 -11.582794 -12.391872 -14.062272 -13.036641
2.112455e+00 -10.980407 -11.529454 -11.579404 -12.241002 -12.786035 -13.923571 -13.347924 -14.319345
2.190675e+00 -12.476292 -12.506939 -12.447724 -13.354621 -13.479612 -14.519732 -13.697558 -14.640903
2.271792e+00 -12.889825 -13.209794 -13.290096 -13.838433 -13.780837 -14.556210 -15.157923 -14.587920
2.355913e+00 -13.828551 -13.974181 -14.256115 -14.441877 -14.222871 -15.391295 -15.376987 -15.258343
2.443148e+00 -14.145483 -14.335344 -14.581506 -14.906658 -14.432774 -15.464414 -15.311331 -15.243810
2.533613e+00 -14.658753 -14.769072 -14.930505 -15.070001 -14.589543 -15.518657 -15.472881 -15.798234
2.627428e+00 -14.951969 -14.959313 -15.078936 -15.225993 -14.709908 -15.555419 -15.488850 -15.791927
2.724717e+00 -15.271112 -15.061802 -15.316336 -15.438074 -14.853074 -15.711004 -15.913057 -15.471090
2.825608e+00 -15.403324 -15.231926 -15.331528 -15.494451 -15.098915 -15.803070 -15.901811 -16.192351
2.930235e+00 -15.608549 -15.446764 -15.571523 -15.789638 -15.362154 -15.991228 -15.843415 -15.715733
3.038736e+00 -15.843132 -15.590350 -15.698849 -15.885339 -15.483154 -15.932583 -15.723648 -15.961289
3.151255e+00 -15.949821 -15.771166 -15.874330 -15.985601 -15.598606 -15.977820 -15.931264 -16.098216
3.267940e+00 -16.169385 -15.886875 -15.972183 -16.173307 -15.690122 -16.193884 -16.024466 -16.221274
3.388946e+00 -16.298505 -16.013165 -16.076279 -16.291324 -15.897577 -16.169690 -16.214815 -16.135984
3.514432e+00 -16.413656 -16.093910 -16.211937 -16.382359 -15.980670 -16.195499 -16.290463 -16.362391
3.644565e+00 -16.596475 -16.227636 -16.312563 -16.505013 -16.051857 -16.179853 -16.465836 -16.369805
3.779516e+00 -16.688789 -16.355284 -16.449921 -16.623979 -16.220373 -16.378737 -16.540029 -16.500472
3.919465e+00 -16.844074 -16.442060 -16.514084 -16.714644 -16.338618 -16.413575 -16.494006 -16.553908
4.064595e+00 -16.980466 -16.558646 -16.618934 -16.834924 -16.498871 -16.560491 -16.638613 -16.540949
4.215100e+00 -17.065764 -16.672387 -16.721418 -16.957914 -16.567406 -16.678236 -16.735152 -16.646209
4.371177e+00 -17.189580 -16.785576 -16.835852 -17.050854 -16.621186 -16.659657 -16.712266 -16.664139
4.533034e+00 -17.321929 -16.883935 -16.922284 -17.125763 -16.717488 -16.729666 -16.809070 -16.736336
4.700883e+00 -17.430611 -16.962286 -17.018288 -17.250507 -16.854329 -16.911065 -16.924288 -16.775548
4.874948e+00 -17.552851 -17.039782 -17.098091 -17.321175 -16.930913 -16.849244 -16.997109 -16.874360
5.055458e+00 -17.644666 -17.158068 -17.194002 -17.396259 -17.050145 -16.951084 -17.026966 -16.957894
5.242653e+00 -17.762675 -17.234654 -17.275737 -17.479112 -17.130245 -16.985984 -17.071496 -17.138263
5.436778e+00 -17.843430 -17.319892 -17.356012 -17.572984 -17.173132 -17.128255 -17.015805 -17.018525
5.638092e+00 -17.952527 -17.406201 -17.447277 -17.654320 -17.270312 -17.147897 -17.175286 -17.166753
5.846861e+00 -18.045586 -17.496163 -17.530818 -17.719919 -17.354797 -17.202719 -17.264364 -17.189771
6.063359e+00 -18.147526 -17.572818 -17.590842 -17.802380 -17.401160 -17.300332 -17.307704 -17.182499
6.287873e+00 -18.238140 -17.638220 -17.664342 -17.882956 -17.508850 -17.347512 -17.346458 -17.303751
6.520702e+00 -18.333736 -17.732444 -17.733472 -17.945575 -17.587765 -17.422383 -17.451398 -17.398967
6.762152e+00 -18.415165 -17.806425 -17.823811 -18.024201 -17.641250 -17.481833 -17.440669 -17.390964
7.012541e+00 -18.506294 -17.877718 -17.878582 -18.093907 -17.735203 -17.504265 -17.498989 -17.468499
7.272203e+00 -18.593469 -17.950532 -17.940892 -18.152631 -17.794921 -17.610037 -17.598122 -17.465468
7.541479e+00 -18.675440 -18.041666 -18.038116 -18.216363 -17.859325 -17.639604 -17.625234 -17.588857
7.820726e+00 -18.745213 -18.102503 -18.092630 -18.278151 -17.920660 -17.741883 -17.572330 -17.642138
8.110313e+00 -18.837882 -18.176520 -18.170675 -18.347644 -18.015830 -17.763651 -17.709956 -17.672366
8.410623e+00 -18.915101 -18.239734 -18.228029 -18.397046 -18.068283 -17.822700 -17.726852 -17.693523
8.722052e+00 -18.979733 -18.293346 -18.289195 -18.455895 -18.121675 -17.884756 -17.730589 -17.740038
9.045013e+00 -19.047932 -18.378153 -18.348490 -18.516071 -18.202971 -17.946522 -17.746764 -17.777674
9.379933e+00 -19.119217 -18.441859 -18.412397 -18.581082 -18.264367 -17.995462 -17.781608 -17.806288
9.727255e+00 -19.179528 -18.512635 -18.478498 -18.638449 -18.319233 -18.031805 -17.817038 -17.861822
1.008744e+01 -19.235067 -18.577014 -18.534098 -18.679329 -18.343291 -18.050026 -17.833850 -17.787438
1.046096e+01 -19.291954 -18.638752 -18.596878 -18.722943 -18.390821 -18.054419 -17.785701 -17.855945
1.084831e+01 -19.335301 -18.703699 -18.649301 -18.772784 -18.432761 -18.113485 -17.866279 -17.882671
1.125000e+01 -19.391756 -18.757847 -18.700132 -18.818056 -18.473059 -18.125811 -17.872218 -17.906852
1.166656e+01 -19.431980 -18.818855 -18.763257 -18.853616 -18.496944 -18.136433 -17.838392 -17.864551
1.209856e+01 -19.470516 -18.871752 -18.809930 -18.891654 -18.540611 -18.163891 -17.853845 -17.918586
1.254655e+01 -19.499684 -18.934663 -18.870004 -18.927517 -18.543938 -18.131100 -17.862886 -17.826780
1.301112e+01 -19.530638 -18.979983 -18.928411 -18.964350 -18.555296 -18.181828 -17.863510 -17.861646
1.349289e+01 -19.556113 -19.027865 -18.973245 -18.989991 -18.573215 -18.146647 -17.846187 -17.766178
1.399251e+01 -19.567658 -19.068572 -19.023804 -19.013098 -18.577650 -18.162205 -17.778539 -17.826039
1.451063e+01 -19.577591 -19.105410 -19.062274 -19.042913 -18.569727 -18.139456 -17.777435 -17.710985
1.504793e+01 -19.580091 -19.140837 -19.102410 -19.057135 -18.574949 -18.127737 -17.761457 -17.671183
1.560513e+01 -19.565014 -19.173038 -19.145313 -19.074395 -18.551910 -18.095393 -17.730168 -17.642923
1.618296e+01 -19.550168 -19.201270 -19.177856 -19.096554 -18.543800 -18.078177 -17.735725 -17.625853
1.678218e+01 -19.524844 -19.219231 -19.212636 -19.105114 -18.526190 -18.054188 -17.679078 -17.634365
1.740360e+01 -19.493461 -19.240906 -19.233999 -19.117955 -18.502990 -18.032188 -17.644674 -17.490527
1.804802e+01 -19.456849 -19.253821 -19.261412 -19.122562 -18.479831 -17.983580 -17.638159 -17.486389
1.871630e+01 -19.405544 -19.263147 -19.279926 -19.122938 -18.442567 -17.922753 -17.597187 -17.426116
1.940933e+01 -19.359837 -19.267500 -19.293920 -19.120774 -18.408618 -17.891487 -17.564573 -17.369613
2.012802e+01 -19.298858 -19.261983 -19.299668 -19.104903 -18.372464 -17.833741 -17.496602 -17.324475
2.087333e+01 -19.238028 -19.249547 -19.304050 -19.102575 -18.341320 -17.793832 -17.521012 -17.346249
2.164623e+01 -19.168340 -19.230887 -19.300997 -19.084260 -18.300982 -17.734156 -17.480959 -17.239265
2.244774e+01 -19.093042 -19.206340 -19.292426 -19.060393 -18.259328 -17.697309 -17.472972 -17.329799
2.327894e+01 -19.010403 -19.169723 -19.273600 -19.033965 -18.226690 -17.627056 -17.446127 -17.247020
2.414092e+01 -18.930199 -19.124044 -19.250474 -18.994593 -18.187835 -17.549003 -17.548827 -17.286869
2.503481e+01 -18.829658 -19.066265 -19.212738 -18.946956 -18.160552 -17.449767 -17.581159 -17.317142
2.596181e+01 -18.718797 -18.991041 -19.170496 -18.899031 -18.124862 -17.406085 -17.688456 -17.409336
2.692312e+01 -18.602308 -18.909045 -19.110555 -18.829317 -18.097219 -17.287395 -17.773357 -17.573161
2.792004e+01 -18.479059 -18.810068 -19.058756 -18.772335 -18.080275 -17.147682 -17.936152 -17.684632
2.895387e+01 -18.343410 -18.703152 -18.985767 -18.704721 -18.060828 -17.027968 -17.996959 -17.760165
3.002597e+01 -18.207247 -18.592148 -18.915756 -18.636987 -18.044326 -16.935121 -18.169040 -17.823886
3.113778e+01 -18.071422 -18.466934 -18.836870 -18.584673 -18.070679 -16.806929 -18.258393 -17.949886
3.229075e+01 -17.913595 -18.343435 -18.761729 -18.547583 -18.113561 -16.820309 -18.359043 -18.066144
3.348642e+01 -17.766634 -18.215352 -18.676968 -18.517696 -18.172133 -16.894119 -18.466333 -18.183066
3.472636e+01 -17.593227 -18.076946 -18.603184 -18.507730 -18.239496 -16.987954 -18.553870 -18.262510
3.601222e+01 -17.424008 -17.945175 -18.530207 -18.502668 -18.305280 -17.104839 -18.603255 -18.320510
3.734568e+01 -17.257476 -17.811300 -18.454383 -18.498525 -18.371397 -17.175157 -18.643864 -18.341214
3.872852e+01 -17.088836 -17.668972 -18.378785 -18.480872 -18.402397 -17.250167 -18.697300 -18.408852
4.016256e+01 -16.903761 -17.532961 -18.301928 -18.473591 -18.451481 -17.325015 -18.684825 -18.435181
4.164970e+01 -16.745415 -17.411621 -18.231554 -18.439516 -18.458689 -17.371854 -18.696067 -18.407040
4.319192e+01 -16.612855 -17.299968 -18.149496 -18.403341 -18.463499 -17.406632 -18.636616 -18.419988
4.479123e+01 -16.448048 -17.184448 -18.073460 -18.346994 -18.439950 -17.435452 -18.645284 -18.404024
4.644977e+01 -16.308968 -17.083359 -17.985493 -18.285185 -18.396344 -17.415125 -18.616434 -18.374655
4.816972e+01 -16.181075 -17.000567 -17.908305 -18.203124 -18.334426 -17.380698 -18.535591 -18.298463
4.995336e+01 -16.045211 -16.906775 -17.823223 -18.113018 -18.258078 -17.340000 -18.478510 -18.223153
5.180304e+01 -15.944915 -16.839826 -17.738365 -18.016756 -18.174295 -17.239251 -18.405735 -18.167129
5.372120e+01 -15.786490 -16.768662 -17.661281 -17.914705 -18.051792 -17.126108 -18.309828 -18.074061
5.571040e+01 -15.603049 -16.701120 -17.587399 -17.805819 -17.930751 -16.964789 -18.223403 -17.910466
5.777325e+01 -15.463481 -16.652854 -17.524549 -17.712803 -17.812179 -16.822391 -18.128523 -17.859208
5.991249e+01 -15.281961 -16.608583 -17.462991 -17.618071 -17.697631 -16.681263 -18.036182 -17.726127
6.213094e+01 -15.157806 -16.572508 -17.403741 -17.537455 -17.579706 -16.581210 -17.939554 -17.608173
6.443153e+01 -14.994344 -16.510075 -17.351472 -17.440855 -17.458213 -16.454667 -17.824852 -17.484568
6.681731e+01 -14.845450 -16.456037 -17.297198 -17.360125 -17.347029 -16.391650 -17.730270 -17.384088
6.929144e+01 -14.662293 -16.388072 -17.244423 -17.268263 -17.249313 -16.265733 -17.620265 -17.276239
7.185717e+01 -14.455844 -16.310925 -17.172386 -17.165041 -17.127852 -16.202000 -17.496956 -17.128527
7.451791e+01 -14.193937 -16.234699 -17.122470 -17.069498 -17.028469 -16.149969 -17.352596 -16.965417
7.727716e+01 -13.931786 -16.149695 -17.054487 -16.987769 -16.911297 -16.090530 -17.206027 -16.781045
8.013859e+01 -13.604901 -16.057469 -16.980810 -16.888175 -16.796458 -16.061112 -17.098785 -16.535576
8.310597e+01 -13.256893 -15.956384 -16.907833 -16.812990 -16.689432 -16.101884 -16.983186 -16.415942
8.618323e+01 -13.000971 -15.842141 -16.831609 -16.732381 -16.586034 -16.044725 -16.857455 -16.195830
8.937444e+01 -12.600754 -15.710574 -16.734825 -16.654091 -16.496881 -16.063658 -16.697337 -16.005964
9.268381e+01 -12.281462 -15.544094 -16.608172 -16.573201 -16.410750 -16.137891 -16.544595 -15.741109
9.611572e+01 -11.837603 -15.346645 -16.478354 -16.515570 -16.362389 -16.257902 -16.480010 -15.563220
9.967470e+01 -11.402303 -15.103864 -16.321105 -16.447198 -16.335244 -16.369795 -16.383935 -15.298617
